0 1922 
0 3 
0 4 
0 133 
0 6 
0 7 
0 8 
0 522 
0 1411 
0 1293 
0 398 
0 528 
0 145 
0 131 
0 1556 
0 409 
0 154 
0 1923 
0 1946 
0 159 
0 1057 
0 674 
0 1243 
0 1188 
0 518 
0 2421 
0 1521 
0 424 
0 810 
0 519 
0 1709 
0 46 
0 93 
0 2224 
0 648 
0 434 
0 54 
0 1081 
0 62 
0 831 
0 1856 
0 1862 
0 2122 
0 2024 
0 2466 
0 207 
0 1105 
0 774 
0 1038 
0 902 
0 1751 
0 335 
0 349 
0 94 
0 1887 
0 1122 
0 99 
0 616 
0 746 
0 238 
0 2415 
0 1008 
0 1009 
0 242 
0 1406 
0 124 
0 381 
0 894 
1 3 
1 4 
1 5 
1 520 
1 12 
1 13 
1 14 
1 527 
1 17 
1 18 
1 23 
1 24 
1 1049 
1 539 
1 1061 
1 38 
1 39 
1 42 
1 44 
1 559 
1 48 
1 1074 
1 51 
1 61 
1 67 
1 1604 
1 1094 
1 71 
1 74 
1 75 
1 78 
1 84 
1 2138 
1 609 
1 98 
1 2153 
1 107 
1 108 
1 2237 
1 115 
1 703 
1 126 
1 129 
1 643 
1 136 
1 1674 
1 139 
1 653 
1 143 
1 657 
1 157 
1 162 
1 677 
1 2218 
1 1202 
1 1203 
1 693 
1 183 
1 701 
1 191 
1 197 
1 1227 
1 210 
1 215 
1 1659 
1 1253 
1 234 
1 237 
1 1775 
1 757 
1 247 
1 249 
1 641 
1 777 
1 778 
1 2317 
1 782 
1 274 
1 277 
1 795 
1 288 
1 811 
1 1587 
1 820 
1 834 
1 2187 
1 1349 
1 2376 
1 329 
1 334 
1 336 
1 1873 
1 1363 
1 340 
1 858 
1 1891 
1 1681 
1 872 
1 2451 
1 380 
1 383 
1 395 
1 397 
1 2115 
1 416 
1 1958 
1 2119 
1 1473 
1 587 
1 1994 
1 460 
1 462 
1 1490 
1 979 
1 482 
1 487 
1 493 
1 1520 
1 1535 
2 3 
2 4 
2 5 
2 8 
2 1545 
2 13 
2 14 
2 15 
2 88 
2 532 
2 1557 
2 22 
2 27 
2 30 
2 2082 
2 38 
2 1072 
2 49 
2 53 
2 55 
2 1593 
2 58 
2 2108 
2 64 
2 580 
2 591 
2 600 
2 601 
2 1295 
2 97 
2 616 
2 105 
2 2158 
2 113 
2 1138 
2 1139 
2 118 
2 1660 
2 644 
2 135 
2 1164 
2 2193 
2 664 
2 153 
2 682 
2 177 
2 178 
2 115 
2 192 
2 2248 
2 724 
2 214 
2 1244 
2 224 
2 1249 
2 2275 
2 1574 
2 124 
2 1259 
2 1784 
2 2260 
2 2302 
2 1289 
2 271 
2 1297 
2 2323 
2 1032 
2 279 
2 1306 
2 810 
2 311 
2 828 
2 329 
2 2381 
2 854 
2 343 
2 876 
2 877 
2 1419 
2 68 
2 923 
2 1439 
2 1463 
2 1498 
2 2043 
2 509 
3 7 
3 10 
3 13 
3 14 
3 16 
3 529 
3 19 
3 24 
3 30 
3 35 
3 548 
3 40 
3 2089 
3 1585 
3 565 
3 55 
3 1546 
3 66 
3 74 
3 82 
3 272 
3 1123 
3 617 
3 106 
3 111 
3 631 
3 1150 
3 141 
3 663 
3 669 
3 1696 
3 1185 
3 173 
3 688 
3 1054 
3 184 
3 697 
3 186 
3 2242 
3 723 
3 227 
3 230 
3 743 
3 1256 
3 746 
3 238 
3 1776 
3 1064 
3 2174 
3 2311 
3 264 
3 269 
3 1296 
3 2332 
3 285 
3 290 
3 1317 
3 309 
3 320 
3 321 
3 1868 
3 739 
3 1876 
3 865 
3 876 
3 1905 
3 375 
3 381 
3 1412 
3 1925 
3 1417 
3 2446 
3 1429 
3 411 
3 413 
3 1442 
3 1444 
3 933 
3 935 
3 2474 
3 2478 
3 2493 
3 965 
3 1991 
3 974 
3 470 
3 1956 
3 1500 
3 477 
3 1529 
3 1023 
4 1539 
4 516 
4 5 
4 6 
4 519 
4 1032 
4 15 
4 20 
4 21 
4 22 
4 26 
4 2078 
4 2224 
4 1573 
4 39 
4 2089 
4 43 
4 1580 
4 1885 
4 56 
4 58 
4 62 
4 1601 
4 66 
4 71 
4 584 
4 586 
4 1104 
4 81 
4 2133 
4 1112 
4 97 
4 98 
4 2148 
4 1136 
4 121 
4 1146 
4 123 
4 1148 
4 125 
4 641 
4 1859 
4 2182 
4 1672 
4 137 
4 1163 
4 1556 
4 1178 
4 157 
4 112 
4 2211 
4 167 
4 683 
4 685 
4 176 
4 185 
4 1210 
4 191 
4 194 
4 1592 
4 207 
4 729 
4 1743 
4 1245 
4 1250 
4 1252 
4 1255 
4 2283 
4 249 
4 768 
4 257 
4 2309 
4 266 
4 272 
4 792 
4 1818 
4 287 
4 2336 
4 290 
4 301 
4 315 
4 316 
4 320 
4 2370 
4 1675 
4 330 
4 846 
4 2445 
4 1361 
4 339 
4 1880 
4 858 
4 1082 
4 870 
4 1895 
4 873 
4 874 
4 364 
4 880 
4 2417 
4 1915 
4 1408 
4 1421 
4 1935 
4 915 
4 917 
4 2456 
4 420 
4 2471 
4 950 
4 439 
4 444 
4 961 
4 1477 
4 968 
4 1483 
4 463 
4 1504 
4 1010 
4 501 
5 6 
5 2113 
5 9 
5 10 
5 258 
5 20 
5 1813 
5 26 
5 2082 
5 1322 
5 811 
5 51 
5 308 
5 1588 
5 2442 
5 65 
5 72 
5 1240 
5 2398 
5 1380 
5 2417 
5 1144 
6 7 
6 8 
6 9 
6 11 
6 12 
6 16 
6 530 
6 29 
6 32 
6 33 
6 35 
6 37 
6 2086 
6 1070 
6 559 
6 1544 
6 50 
6 52 
6 57 
6 58 
6 351 
6 1600 
6 1609 
6 86 
6 601 
6 1116 
6 1552 
6 1637 
6 1129 
6 637 
6 639 
6 142 
6 1679 
6 660 
6 662 
6 670 
6 681 
6 172 
6 176 
6 1201 
6 691 
6 2230 
6 1721 
6 1210 
6 1765 
6 231 
6 1769 
6 760 
6 765 
6 2306 
6 259 
6 262 
6 269 
6 46 
6 278 
6 1315 
6 292 
6 1317 
6 1346 
6 1347 
6 347 
6 863 
6 866 
6 1894 
6 884 
6 887 
6 1403 
6 381 
6 384 
6 385 
6 1923 
6 1415 
6 912 
6 2463 
6 1446 
6 936 
6 437 
6 1473 
6 464 
6 1497 
6 1001 
6 492 
6 2301 
7 519 
7 9 
7 11 
7 12 
7 141 
7 142 
7 144 
7 17 
7 18 
7 147 
7 148 
7 21 
7 1814 
7 279 
7 792 
7 25 
7 410 
7 283 
7 1820 
7 285 
7 1070 
7 162 
7 1691 
7 41 
7 2347 
7 430 
7 47 
7 563 
7 436 
7 1865 
7 952 
7 825 
7 699 
7 572 
7 1085 
7 446 
7 64 
7 1602 
7 963 
7 196 
7 2273 
7 535 
7 1676 
7 331 
7 717 
7 2067 
7 470 
7 343 
7 1368 
7 1625 
7 349 
7 1121 
7 100 
7 1169 
7 1995 
7 2028 
7 515 
7 2156 
7 754 
7 627 
7 1342 
7 503 
7 377 
7 1177 
7 2175 
7 2459 
7 1321 
7 1304 
7 767 
8 128 
8 10 
8 19 
8 20 
8 23 
8 26 
8 1949 
8 1568 
8 289 
8 175 
8 59 
8 65 
8 341 
8 1239 
8 1369 
8 2139 
8 1890 
8 1909 
8 1655 
8 120 
8 148 
8 1532 
9 130 
9 131 
9 11 
9 140 
9 1282 
9 16 
9 533 
9 1305 
9 1690 
9 539 
9 1182 
9 1439 
9 667 
9 1575 
9 1835 
9 1069 
9 174 
9 1391 
9 183 
9 952 
9 442 
9 573 
9 2325 
9 1225 
9 463 
9 440 
9 1119 
9 1504 
9 2150 
9 621 
9 367 
9 500 
9 118 
9 1173 
10 138 
10 779 
10 396 
10 1027 
10 277 
10 23 
10 157 
10 69 
10 1827 
10 1576 
10 169 
10 43 
10 300 
10 182 
10 61 
10 1343 
10 1931 
10 197 
10 839 
10 73 
10 82 
10 2392 
10 234 
10 881 
10 1577 
10 1791 
10 127 
11 768 
11 643 
11 2059 
11 781 
11 1311 
11 1696 
11 167 
11 44 
11 560 
11 693 
11 694 
11 1468 
11 323 
11 54 
11 838 
11 202 
11 2027 
11 208 
11 2134 
11 80 
11 106 
11 1003 
11 1005 
11 122 
11 1275 
12 1024 
12 1540 
12 17 
12 531 
12 1044 
12 1046 
12 24 
12 25 
12 27 
12 34 
12 36 
12 37 
12 39 
12 41 
12 1073 
12 2101 
12 59 
12 574 
12 1087 
12 1088 
12 65 
12 68 
12 582 
12 72 
12 73 
12 75 
12 79 
12 80 
12 81 
12 611 
12 613 
12 102 
12 107 
12 634 
12 2172 
12 132 
12 22 
12 134 
12 137 
12 655 
12 156 
12 679 
12 684 
12 175 
12 2231 
12 1210 
12 191 
12 704 
12 708 
12 1733 
12 198 
12 199 
12 207 
12 1245 
12 227 
12 1253 
12 234 
12 758 
12 250 
12 254 
12 257 
12 1289 
12 1803 
12 1813 
12 280 
12 795 
12 799 
12 1414 
12 1326 
12 2354 
12 1844 
12 826 
12 828 
12 1343 
12 327 
12 330 
12 847 
12 1360 
12 338 
12 349 
12 1892 
12 1385 
12 362 
12 372 
12 895 
12 64 
12 390 
12 1928 
12 1418 
12 1936 
12 917 
12 407 
12 1433 
12 1436 
12 2465 
12 931 
12 1863 
12 429 
12 441 
12 449 
12 455 
12 1993 
12 459 
12 461 
12 2004 
12 1503 
12 1513 
13 2217 
13 2238 
13 2312 
13 1929 
13 1547 
13 258 
13 15 
13 273 
13 19 
13 149 
13 2457 
13 1688 
13 281 
13 28 
13 29 
13 31 
13 160 
13 674 
13 163 
13 165 
13 422 
13 40 
13 1851 
13 2218 
13 45 
13 48 
13 817 
13 1075 
13 1716 
13 1464 
13 825 
13 59 
13 60 
13 1854 
13 831 
13 2443 
13 68 
13 711 
13 77 
13 206 
13 1741 
13 173 
13 2131 
13 216 
13 1753 
13 1117 
13 96 
13 225 
13 226 
13 187 
13 485 
13 1254 
13 2279 
13 2281 
13 363 
13 1132 
13 109 
13 496 
13 287 
13 244 
13 117 
13 1909 
13 813 
13 1148 
13 21 
14 646 
14 274 
14 282 
14 33 
14 2088 
14 179 
14 2356 
14 53 
14 446 
14 2497 
14 66 
14 836 
14 89 
14 90 
14 219 
14 743 
14 1257 
14 2410 
14 495 
14 764 
15 512 
15 139 
15 2065 
15 668 
15 1574 
15 49 
15 28 
15 1066 
15 555 
15 300 
15 177 
15 60 
15 574 
15 100 
15 1737 
15 1226 
15 857 
15 2396 
15 2020 
15 401 
15 2166 
16 2262 
16 390 
16 1031 
16 1164 
16 276 
16 1323 
16 416 
16 33 
16 676 
16 1062 
16 935 
16 424 
16 171 
16 47 
16 181 
16 265 
16 57 
16 1082 
16 187 
16 2236 
16 288 
16 67 
16 1097 
16 1998 
16 719 
16 342 
16 1497 
16 1030 
16 603 
16 220 
16 96 
16 1761 
16 226 
16 1766 
16 2154 
16 236 
16 1391 
16 882 
16 377 
16 506 
16 891 
16 124 
16 893 
17 142 
17 143 
17 18 
17 659 
17 788 
17 918 
17 1433 
17 2468 
17 1966 
17 692 
17 439 
17 56 
17 1722 
17 1215 
17 2368 
17 311 
17 849 
17 1365 
17 612 
17 91 
17 220 
17 480 
17 1377 
17 100 
17 869 
17 114 
17 246 
17 247 
17 1790 
18 2051 
18 1157 
18 146 
18 659 
18 1045 
18 790 
18 2071 
18 162 
18 421 
18 310 
18 312 
18 712 
18 209 
18 469 
18 88 
18 1497 
18 474 
18 1786 
18 1701 
18 2018 
18 1508 
18 358 
18 498 
18 117 
18 634 
19 1888 
19 1484 
19 1061 
19 999 
19 105 
19 631 
19 1132 
19 1052 
19 1392 
19 722 
19 51 
19 949 
19 310 
19 151 
19 984 
19 379 
19 284 
20 1755 
20 1286 
20 1435 
20 905 
20 906 
20 907 
20 652 
20 269 
20 1261 
20 145 
20 2204 
20 276 
20 149 
20 150 
20 409 
20 917 
20 25 
20 27 
20 28 
20 517 
20 1156 
20 1179 
20 1702 
20 41 
20 2482 
20 2094 
20 178 
20 2483 
20 52 
20 695 
20 948 
20 570 
20 571 
20 61 
20 63 
20 1730 
20 1207 
20 1900 
20 2381 
20 405 
20 338 
20 83 
20 1620 
20 2262 
20 87 
20 1624 
20 89 
20 1114 
20 1499 
20 604 
20 425 
20 354 
20 2395 
20 997 
20 102 
20 359 
20 873 
20 1802 
20 236 
20 877 
20 878 
20 2301 
20 752 
20 1535 
20 2038 
20 119 
20 1144 
20 1913 
20 1176 
20 1403 
20 1533 
20 127 
21 386 
21 1032 
21 393 
21 1292 
21 661 
21 921 
21 772 
21 2159 
21 32 
21 676 
21 1967 
21 435 
21 905 
21 57 
21 448 
21 1092 
21 325 
21 582 
21 342 
21 90 
21 350 
21 480 
21 1384 
21 1262 
21 1405 
21 1272 
21 281 
21 125 
22 1930 
22 1937 
22 1048 
22 410 
22 1058 
22 176 
22 439 
22 479 
22 2365 
22 2366 
22 1727 
22 1857 
22 311 
22 76 
22 34 
22 78 
22 90 
22 478 
22 1759 
22 617 
22 363 
22 1263 
22 575 
23 1922 
23 772 
23 1189 
23 909 
23 912 
23 2324 
23 1348 
23 156 
23 31 
23 1416 
23 37 
23 49 
23 42 
23 1195 
23 44 
23 814 
23 432 
23 561 
23 1842 
23 52 
23 55 
23 184 
23 316 
23 1342 
23 832 
23 324 
23 1654 
23 1990 
23 2017 
23 83 
23 981 
23 1111 
23 348 
23 1373 
23 805 
23 1633 
23 1980 
23 1130 
23 621 
23 238 
23 625 
23 498 
23 2164 
23 2293 
23 1142 
23 504 
23 633 
23 122 
24 1154 
24 1028 
24 778 
24 2192 
24 660 
24 153 
24 283 
24 1733 
24 34 
24 1832 
24 42 
24 1836 
24 46 
24 138 
24 703 
24 453 
24 202 
24 290 
24 1617 
24 482 
24 357 
24 881 
24 1014 
24 2216 
25 1798 
25 266 
25 530 
25 534 
25 151 
25 2074 
25 1307 
25 30 
25 32 
25 164 
25 677 
25 170 
25 47 
25 1332 
25 2206 
25 2487 
25 2356 
25 60 
25 190 
25 840 
25 459 
25 596 
25 1000 
25 729 
25 2013 
25 2406 
25 104 
25 1640 
25 113 
25 574 
25 1022 
26 2049 
26 1091 
26 260 
26 391 
26 2188 
26 1166 
26 2194 
26 659 
26 2074 
26 29 
26 798 
26 2053 
26 1570 
26 1315 
26 36 
26 297 
26 2371 
26 1455 
26 816 
26 945 
26 821 
26 182 
26 1080 
26 2489 
26 1850 
26 2335 
26 190 
26 1472 
26 67 
26 965 
26 966 
26 331 
26 1740 
26 1229 
26 78 
26 2318 
26 1622 
26 987 
26 228 
26 489 
26 362 
26 240 
26 1145 
26 126 
26 127 
27 129 
27 1156 
27 2181 
27 139 
27 526 
27 155 
27 1571 
27 295 
27 687 
27 1717 
27 1084 
27 69 
27 2119 
27 1356 
27 726 
27 1760 
27 102 
27 754 
27 251 
27 639 
28 1409 
28 1029 
28 263 
28 1162 
28 1039 
28 415 
28 165 
28 1575 
28 1449 
28 1073 
28 1972 
28 31 
28 1085 
28 62 
28 1602 
28 710 
28 2375 
28 1608 
28 73 
28 1358 
28 1272 
28 736 
28 1129 
28 1774 
28 114 
28 120 
28 404 
28 635 
28 508 
29 99 
29 77 
29 2454 
29 1275 
29 1051 
29 186 
29 351 
30 2282 
30 1171 
30 1853 
30 170 
30 1771 
30 205 
30 270 
30 77 
30 1585 
30 339 
30 372 
30 1626 
30 1082 
30 251 
30 1226 
31 1058 
31 69 
31 45 
31 1426 
31 1818 
31 1054 
32 642 
32 1285 
32 648 
32 265 
32 1165 
32 1422 
32 406 
32 35 
32 1478 
32 1581 
32 392 
32 2229 
32 182 
32 63 
32 1345 
32 1222 
32 1098 
32 1739 
32 2384 
32 291 
32 212 
32 214 
32 478 
32 481 
32 360 
32 1391 
33 544 
33 2440 
33 1863 
33 40 
33 842 
33 43 
33 1327 
33 113 
33 117 
33 430 
34 608 
34 449 
34 1937 
34 2339 
34 1910 
34 657 
34 1644 
34 973 
34 2326 
34 237 
34 463 
34 1425 
34 56 
34 1781 
34 2167 
34 1583 
34 222 
34 1336 
35 36 
35 1618 
35 1337 
36 2304 
36 282 
36 1796 
36 394 
36 87 
36 528 
36 538 
36 932 
36 38 
36 681 
36 1651 
36 308 
36 181 
36 54 
36 188 
36 1674 
36 194 
36 2499 
36 1487 
36 592 
36 851 
36 471 
36 473 
36 1884 
36 2400 
36 744 
36 1769 
36 618 
36 626 
36 1011 
36 246 
36 1961 
36 633 
37 1313 
37 1827 
37 132 
37 1511 
37 204 
37 1740 
37 1955 
37 277 
37 310 
37 217 
37 954 
37 700 
38 2121 
38 651 
38 1005 
38 976 
38 1107 
38 244 
38 822 
39 514 
39 1635 
39 630 
39 135 
39 1002 
39 1387 
39 2224 
39 1618 
39 150 
39 901 
39 1850 
39 540 
39 159 
40 1664 
40 161 
40 298 
40 141 
40 1649 
40 630 
40 119 
40 2200 
40 121 
40 414 
41 896 
41 897 
41 130 
41 771 
41 1033 
41 770 
41 149 
41 346 
41 1314 
41 2098 
41 1445 
41 2345 
41 684 
41 45 
41 1454 
41 1442 
41 48 
41 50 
41 458 
41 2242 
41 1153 
41 969 
41 586 
41 845 
41 209 
41 474 
41 2139 
41 93 
41 1378 
41 1636 
41 1638 
41 103 
41 878 
41 1013 
41 1911 
41 635 
41 894 
42 256 
42 2337 
42 97 
42 1623 
42 109 
42 526 
42 1165 
42 592 
42 1838 
42 86 
42 1561 
42 1565 
43 1862 
43 1638 
43 107 
43 398 
43 2456 
44 1798 
44 903 
44 905 
44 1038 
44 1295 
44 916 
44 536 
44 929 
44 940 
44 2226 
44 53 
44 694 
44 1801 
44 195 
44 199 
44 1995 
44 1875 
44 1550 
44 599 
44 395 
44 2019 
44 351 
44 1531 
44 105 
44 499 
44 1143 
44 507 
45 320 
45 685 
45 227 
45 737 
45 1802 
45 76 
45 655 
45 1100 
45 727 
45 604 
45 1917 
46 388 
46 261 
46 1037 
46 275 
46 916 
46 286 
46 294 
46 808 
46 169 
46 2481 
46 2354 
46 2360 
46 1855 
46 193 
46 76 
46 205 
46 333 
46 595 
46 1886 
46 95 
46 225 
46 2216 
46 1646 
46 1192 
46 211 
46 378 
46 1787 
47 128 
47 388 
47 396 
47 1677 
47 145 
47 2325 
47 543 
47 2288 
47 1701 
47 1756 
47 170 
47 563 
47 63 
47 197 
47 2254 
47 1871 
47 1104 
47 467 
47 220 
47 94 
47 483 
47 1510 
47 489 
47 2403 
47 112 
47 2387 
47 761 
47 252 
47 254 
48 1152 
48 137 
48 1675 
48 1036 
48 274 
48 536 
48 2077 
48 1185 
48 294 
48 1703 
48 50 
48 178 
48 2316 
48 1591 
48 953 
48 590 
48 2118 
48 840 
48 396 
48 203 
48 334 
48 466 
48 85 
48 988 
48 616 
48 1777 
48 883 
48 2426 
48 725 
49 1286 
49 70 
49 1991 
49 1865 
49 106 
49 2406 
49 108 
49 258 
49 2281 
49 794 
49 271 
49 1276 
50 768 
50 1075 
50 163 
50 324 
50 1959 
50 776 
50 522 
50 1291 
50 1614 
50 1009 
50 419 
50 2400 
50 252 
50 254 
51 2067 
51 899 
51 521 
51 2186 
51 1045 
51 535 
51 166 
51 1202 
51 1586 
51 438 
51 1598 
51 70 
51 721 
51 1748 
51 597 
51 91 
51 612 
51 101 
51 1773 
51 494 
51 1811 
51 887 
51 505 
51 1405 
52 2246 
52 2304 
52 645 
52 136 
52 401 
52 147 
52 160 
52 421 
52 168 
52 429 
52 946 
52 1973 
52 566 
52 183 
52 700 
52 70 
52 337 
52 91 
52 612 
52 871 
52 1895 
52 2416 
52 885 
52 886 
52 1149 
53 268 
53 898 
53 271 
53 1808 
53 1684 
53 1943 
53 666 
53 928 
53 804 
53 2221 
53 184 
53 1987 
53 1736 
53 1483 
53 93 
53 240 
53 1140 
53 375 
53 255 
54 321 
54 523 
54 2357 
54 705 
54 1193 
54 109 
54 1359 
54 1328 
54 1332 
54 1173 
54 1336 
54 89 
54 1597 
54 639 
55 87 
55 1551 
55 402 
55 259 
55 790 
55 407 
55 1817 
55 1440 
55 171 
55 2221 
55 1722 
55 707 
55 589 
55 855 
55 2390 
55 599 
55 1119 
55 1252 
55 1775 
55 242 
55 373 
55 505 
56 832 
56 2086 
56 233 
56 2434 
56 175 
56 1396 
56 95 
57 1888 
57 389 
57 881 
57 84 
57 217 
57 2268 
57 94 
58 99 
58 838 
58 391 
58 810 
58 301 
58 365 
58 784 
58 81 
58 2276 
58 1563 
59 128 
59 130 
59 1162 
59 1043 
59 284 
59 543 
59 2210 
59 1905 
59 2089 
59 1194 
59 307 
59 186 
59 1084 
59 833 
59 591 
59 1750 
59 475 
59 860 
59 2271 
59 1382 
59 619 
59 110 
59 1265 
59 1834 
60 386 
60 131 
60 1927 
60 144 
60 273 
60 2072 
60 1761 
60 1439 
60 1443 
60 1578 
60 189 
60 71 
60 970 
60 204 
60 462 
60 1489 
60 855 
60 2447 
60 993 
60 230 
60 491 
60 494 
60 112 
60 241 
60 754 
60 1787 
60 2047 
61 1282 
61 643 
61 901 
61 1982 
61 2063 
61 140 
61 1897 
61 1424 
61 920 
61 1693 
61 589 
61 2181 
61 161 
61 1699 
61 166 
61 1457 
61 2344 
61 1707 
61 1324 
61 686 
61 177 
61 179 
61 1472 
61 158 
61 1207 
61 1724 
61 650 
61 958 
61 1344 
61 1217 
61 323 
61 1290 
61 2247 
61 841 
61 461 
61 79 
61 80 
61 1368 
61 1625 
61 218 
61 987 
61 2298 
61 734 
61 1637 
61 231 
61 1513 
61 110 
61 751 
61 880 
61 1394 
61 373 
61 1271 
61 1018 
61 763 
61 252 
61 253 
62 704 
62 195 
62 879 
62 691 
62 285 
63 193 
63 1378 
63 101 
63 1766 
63 103 
63 649 
63 74 
63 1889 
63 563 
63 713 
63 825 
63 122 
63 2287 
63 1337 
63 549 
64 384 
64 417 
64 2016 
64 364 
64 1424 
64 84 
64 1536 
64 1655 
64 632 
64 348 
64 1150 
65 1363 
65 534 
65 1242 
66 325 
66 1958 
66 263 
66 458 
66 491 
66 1009 
66 467 
66 2261 
66 566 
66 1291 
66 1241 
66 1355 
66 92 
66 1866 
66 2303 
67 1838 
67 485 
67 1929 
67 365 
67 718 
67 304 
67 2285 
67 1006 
67 118 
67 121 
67 733 
67 223 
68 641 
68 404 
68 1434 
68 2095 
68 283 
68 1957 
68 1193 
68 174 
68 431 
68 690 
68 315 
68 2372 
68 326 
68 1735 
68 2386 
68 483 
68 85 
68 479 
68 1251 
68 624 
68 1022 
69 2083 
69 713 
69 939 
69 272 
69 2324 
70 1628 
70 1922 
70 132 
70 133 
70 1161 
70 1547 
70 435 
70 910 
70 499 
70 2140 
70 2402 
70 534 
70 537 
70 388 
70 539 
70 346 
70 1157 
70 932 
70 2341 
70 425 
70 1580 
70 2094 
70 1846 
70 2359 
70 1337 
70 319 
70 192 
70 961 
70 198 
70 72 
70 715 
70 717 
70 336 
70 465 
70 211 
70 1877 
70 342 
70 1495 
70 218 
70 219 
70 92 
70 861 
70 607 
70 98 
70 103 
70 108 
70 1521 
70 115 
70 1908 
70 2168 
70 2263 
70 738 
70 1279 
71 1321 
71 1035 
71 241 
71 123 
71 1341 
72 399 
72 1939 
72 2197 
72 2075 
72 1579 
72 1456 
72 179 
72 313 
72 1212 
72 332 
72 1358 
72 721 
72 1496 
72 226 
72 1767 
72 2300 
72 620 
72 2323 
72 119 
72 249 
72 1915 
72 892 
73 262 
73 647 
73 1292 
73 914 
73 1440 
73 2467 
73 1702 
73 551 
73 1705 
73 2090 
73 2475 
73 1452 
73 1072 
73 571 
73 2294 
73 75 
73 1489 
73 1371 
73 1248 
73 2152 
73 1899 
73 1398 
73 1016 
73 1564 
74 2052 
74 777 
74 2442 
74 654 
74 1043 
74 663 
74 1708 
74 1395 
74 1077 
74 699 
74 962 
74 1738 
74 335 
74 212 
74 86 
74 2010 
74 605 
74 355 
74 755 
74 116 
74 1151 
75 256 
75 658 
76 1216 
76 1857 
76 2245 
76 933 
76 2278 
76 1833 
76 2007 
76 2126 
76 1399 
76 511 
77 1053 
77 954 
77 667 
77 1020 
78 645 
78 783 
78 1050 
78 415 
78 1699 
78 298 
78 1195 
78 818 
78 1200 
78 306 
78 185 
78 1852 
78 972 
78 79 
78 82 
78 1235 
78 340 
78 1626 
78 232 
78 2108 
78 369 
78 116 
78 2421 
78 634 
79 2176 
79 385 
79 771 
79 780 
79 2061 
79 789 
79 1176 
79 1183 
79 1834 
79 2367 
79 435 
79 1595 
79 1855 
79 1728 
79 193 
79 200 
79 203 
79 972 
79 1872 
79 85 
79 862 
79 735 
79 1760 
79 2030 
79 1269 
79 1401 
79 507 
79 1917 
80 1153 
80 803 
80 1420 
80 1901 
80 367 
80 1137 
80 83 
80 1609 
80 413 
80 153 
80 922 
80 1788 
81 450 
81 390 
81 556 
81 235 
81 2226 
81 1007 
81 240 
81 529 
81 402 
81 797 
81 606 
82 161 
82 133 
82 1542 
82 2408 
82 1416 
82 585 
82 111 
82 1560 
82 628 
82 446 
82 2446 
82 152 
82 1307 
82 411 
82 655 
82 189 
82 394 
83 1698 
83 552 
83 1689 
83 919 
83 2127 
83 147 
83 148 
83 860 
83 2334 
83 95 
84 1963 
84 356 
84 1733 
84 2081 
84 96 
84 426 
84 1650 
84 1106 
84 270 
84 368 
84 722 
84 976 
84 533 
84 279 
84 2407 
84 2250 
84 158 
85 1538 
85 520 
85 2187 
85 1303 
85 1348 
85 164 
85 1573 
85 1196 
85 1589 
85 697 
85 712 
85 88 
85 1630 
85 2016 
85 101 
85 620 
85 1133 
85 110 
85 1914 
86 1685 
86 1499 
86 1198 
86 436 
86 1590 
86 951 
86 1089 
86 322 
86 1349 
86 328 
86 591 
86 469 
86 859 
86 477 
86 1886 
86 104 
86 1006 
86 1647 
86 2045 
86 382 
87 771 
87 165 
87 167 
87 1192 
87 203 
87 1785 
88 292 
88 1484 
88 845 
88 1732 
88 1338 
88 123 
88 2037 
89 512 
89 1984 
89 387 
89 168 
89 1468 
89 1448 
89 144 
89 808 
89 146 
89 1795 
89 1080 
89 1723 
89 92 
89 1501 
89 638 
89 543 
90 417 
90 619 
90 1126 
90 1607 
90 1480 
90 1450 
90 587 
90 2045 
90 1074 
90 569 
90 155 
90 156 
90 1469 
90 382 
90 885 
91 2083 
91 1611 
91 1604 
91 389 
91 230 
91 1660 
91 550 
91 2352 
91 626 
91 742 
91 2455 
91 378 
91 1404 
91 2170 
92 1642 
92 209 
92 2006 
92 1051 
93 228 
93 2472 
93 2251 
93 748 
93 305 
93 180 
93 1078 
93 248 
93 468 
93 1466 
93 2111 
94 513 
94 1412 
94 134 
94 488 
94 243 
94 884 
94 857 
94 1940 
94 1724 
94 1946 
94 1235 
95 545 
95 1891 
95 229 
95 615 
95 2472 
95 2348 
95 1996 
95 1849 
95 400 
95 1750 
95 1527 
95 1625 
95 730 
95 1790 
95 389 
96 260 
96 1137 
97 2219 
97 2123 
97 2338 
97 143 
97 210 
97 244 
97 1206 
97 1181 
98 739 
98 129 
98 1451 
98 2435 
98 1389 
98 400 
98 1703 
98 1618 
98 531 
98 1748 
98 309 
98 1111 
98 1273 
98 1793 
98 1214 
98 447 
99 1091 
99 1526 
99 168 
99 1260 
99 154 
99 2489 
100 1171 
100 1493 
101 773 
101 262 
101 140 
101 781 
101 1297 
101 1432 
101 1945 
101 154 
101 1285 
101 1328 
101 1318 
101 1194 
101 302 
101 1071 
101 688 
101 433 
101 222 
101 1976 
101 1083 
101 1602 
101 453 
101 780 
101 1867 
101 2227 
101 2390 
101 2010 
101 476 
101 990 
101 1379 
101 104 
101 618 
101 236 
101 2029 
101 111 
101 114 
102 1414 
102 1600 
102 322 
102 763 
102 1014 
102 1158 
102 1041 
102 1845 
102 1709 
102 433 
102 370 
102 1829 
102 854 
102 761 
102 2109 
102 1022 
102 1151 
103 386 
103 492 
103 597 
103 665 
104 160 
104 672 
104 1858 
104 676 
104 138 
104 1931 
104 524 
104 305 
104 2231 
104 344 
104 2468 
104 541 
105 707 
105 199 
105 1772 
105 750 
105 286 
106 2332 
107 352 
107 997 
107 904 
107 1309 
107 1171 
107 2036 
107 1598 
107 791 
107 280 
107 736 
107 638 
108 192 
108 164 
108 261 
108 2156 
108 2064 
108 723 
108 150 
108 1989 
109 2272 
109 1830 
109 589 
109 691 
109 2069 
109 284 
110 579 
110 581 
110 358 
110 1834 
110 1557 
110 2058 
110 2243 
110 2070 
110 151 
110 2331 
110 189 
110 510 
110 1509 
111 391 
111 1939 
111 235 
111 289 
111 1191 
111 557 
111 1465 
111 834 
111 865 
111 1097 
111 2378 
111 208 
111 465 
111 596 
111 473 
111 732 
111 336 
111 747 
111 366 
111 120 
111 506 
111 255 
111 1662 
111 511 
112 256 
112 512 
112 194 
112 2307 
112 357 
112 615 
112 796 
112 1358 
112 2163 
112 2260 
112 1333 
112 950 
112 1437 
112 2372 
112 570 
112 751 
112 125 
112 1596 
113 2294 
113 2345 
113 460 
113 1935 
113 689 
113 594 
113 2485 
113 470 
113 476 
113 702 
113 959 
114 1572 
114 518 
114 1777 
114 345 
114 1467 
115 718 
115 1616 
115 116 
115 1435 
115 926 
115 927 
116 418 
116 293 
116 2486 
116 744 
116 706 
116 1261 
116 2480 
116 914 
116 725 
116 1782 
116 760 
116 537 
116 603 
116 787 
117 1888 
117 1634 
117 2246 
117 806 
117 1287 
117 842 
117 2444 
117 1869 
117 627 
117 1182 
117 1811 
117 382 
117 223 
118 1248 
118 2144 
118 2052 
118 298 
118 268 
118 2451 
118 975 
118 419 
118 265 
118 1976 
118 668 
118 1055 
119 1536 
119 902 
119 904 
119 2057 
119 1034 
119 1942 
119 1817 
119 2458 
119 928 
119 546 
119 420 
119 2353 
119 560 
119 136 
119 1591 
119 329 
119 2122 
119 974 
119 1237 
119 2397 
119 1891 
119 1257 
119 237 
120 996 
120 583 
120 2287 
120 366 
120 304 
120 1096 
120 850 
120 1683 
120 1780 
120 206 
120 1694 
120 2361 
120 1051 
120 1256 
120 1246 
121 2199 
121 525 
121 1679 
121 2448 
121 1810 
121 1815 
121 409 
121 538 
121 295 
121 696 
121 1721 
121 443 
121 1980 
121 965 
121 2379 
121 333 
121 206 
121 2257 
121 609 
121 738 
121 361 
121 1898 
122 2342 
122 1444 
122 1893 
122 134 
122 359 
122 1100 
122 1357 
122 2256 
122 2164 
122 1111 
122 1402 
123 1454 
123 1969 
123 405 
123 278 
123 2204 
124 1347 
124 1819 
124 2473 
124 930 
124 942 
124 980 
124 1849 
124 1147 
124 126 
125 748 
125 629 
125 1973 
126 1826 
126 356 
126 785 
126 584 
126 1820 
126 369 
126 2195 
126 921 
127 334 
128 195 
128 1028 
128 551 
128 2452 
128 1300 
128 374 
128 1593 
128 281 
128 346 
128 2044 
129 2409 
129 1194 
129 1227 
129 1273 
129 2463 
130 224 
130 1155 
130 613 
130 1288 
130 2222 
130 2162 
130 2196 
130 441 
130 1788 
130 445 
130 319 
131 1057 
131 611 
131 1124 
131 1637 
131 1258 
131 1215 
131 878 
131 2044 
131 2144 
131 2019 
131 437 
131 599 
131 155 
131 477 
131 1502 
131 895 
132 736 
132 452 
132 2215 
132 2247 
132 845 
132 943 
132 502 
132 345 
132 893 
133 2031 
133 1572 
133 1541 
133 583 
133 1127 
133 1260 
133 2126 
133 815 
133 2054 
133 1489 
133 1619 
133 503 
133 1338 
133 1071 
134 514 
134 135 
134 297 
134 266 
134 487 
134 879 
134 2448 
134 913 
134 213 
134 332 
134 671 
134 159 
135 2309 
135 1418 
135 1035 
135 658 
135 146 
135 2394 
135 546 
135 1064 
135 1974 
135 969 
135 2364 
135 1474 
135 200 
135 201 
135 215 
135 1752 
135 1754 
135 219 
135 2402 
135 1645 
135 368 
135 500 
136 1892 
136 1446 
136 360 
136 1513 
136 1367 
136 1293 
136 1933 
136 1016 
136 2482 
136 152 
136 892 
136 447 
137 1794 
137 2311 
137 1424 
137 406 
137 797 
137 548 
137 678 
137 296 
137 302 
137 432 
137 1842 
137 180 
137 1209 
137 1595 
137 318 
137 323 
137 326 
137 2382 
137 2255 
137 1374 
137 2064 
137 2018 
137 2107 
137 1508 
137 869 
137 495 
137 243 
137 1012 
137 255 
138 1754 
138 2424 
139 1060 
139 2150 
139 838 
139 353 
139 682 
139 1167 
139 174 
139 241 
139 1779 
139 718 
139 2244 
139 730 
139 1884 
139 2461 
139 542 
140 2273 
140 837 
140 2337 
140 524 
140 1421 
140 2267 
140 989 
141 1547 
141 1606 
141 263 
141 1443 
141 561 
141 242 
141 851 
141 821 
141 1431 
141 427 
141 221 
141 702 
141 1471 
142 1068 
143 837 
143 459 
143 2480 
143 411 
143 1669 
144 576 
144 802 
144 1992 
144 397 
144 335 
144 2161 
144 856 
144 505 
145 521 
145 945 
145 758 
145 1118 
146 1219 
146 772 
146 649 
146 202 
146 171 
146 428 
146 1298 
146 1763 
146 1228 
146 1429 
146 407 
146 2135 
147 259 
147 805 
147 2379 
147 239 
147 1104 
147 306 
147 152 
147 314 
147 367 
148 1549 
148 783 
148 919 
148 541 
148 158 
148 673 
148 1350 
148 680 
148 169 
148 647 
148 2350 
148 304 
148 569 
148 187 
148 579 
148 710 
148 457 
148 1878 
148 860 
148 2141 
148 1375 
148 609 
148 1887 
148 741 
148 486 
148 988 
148 371 
148 245 
149 1804 
149 962 
149 827 
149 228 
149 678 
149 295 
149 871 
149 332 
149 173 
149 1744 
149 1683 
149 431 
149 2136 
149 980 
149 303 
149 1467 
150 163 
150 1526 
150 408 
150 1593 
150 1627 
150 319 
151 1505 
151 1861 
151 1716 
151 839 
151 2012 
151 1322 
151 685 
151 1455 
151 532 
151 1688 
151 1788 
151 1213 
152 1147 
152 738 
152 355 
152 293 
152 297 
152 1482 
152 972 
152 1069 
152 1544 
152 340 
152 213 
152 2391 
152 731 
152 510 
153 224 
153 1920 
153 675 
153 2116 
153 2194 
153 201 
153 1417 
153 578 
153 2350 
153 2349 
153 1394 
153 946 
153 2051 
153 1047 
153 1689 
153 986 
154 480 
154 1316 
154 166 
154 327 
154 1640 
154 957 
154 1914 
154 815 
154 947 
154 2179 
154 629 
154 1175 
154 216 
154 1274 
154 572 
154 637 
154 833 
154 1950 
155 762 
155 395 
155 1557 
155 2102 
155 951 
155 537 
155 188 
155 314 
155 223 
156 2179 
156 1079 
156 1805 
156 305 
156 1362 
156 309 
156 700 
157 1188 
157 743 
157 1633 
157 1053 
158 798 
158 862 
158 1158 
158 296 
158 221 
158 656 
158 414 
158 984 
158 190 
159 1634 
159 2134 
159 392 
159 2346 
159 299 
159 172 
159 1870 
159 1903 
159 593 
159 818 
159 276 
159 2357 
159 598 
160 2081 
160 2084 
160 229 
160 2401 
160 1454 
160 1071 
160 2229 
160 1911 
160 1274 
160 891 
160 350 
160 767 
161 196 
161 998 
161 2153 
161 1902 
161 1494 
161 2265 
162 1985 
162 1131 
162 172 
162 1141 
162 1050 
163 2176 
163 548 
163 816 
163 625 
163 403 
164 610 
164 422 
164 233 
164 622 
164 1523 
164 955 
164 1518 
164 253 
164 575 
165 353 
165 962 
165 1931 
165 645 
165 2113 
165 711 
165 1259 
165 2189 
165 2194 
165 275 
165 1748 
165 565 
165 1715 
165 1561 
165 1780 
166 1257 
166 239 
166 1560 
166 370 
166 1749 
166 1270 
166 567 
166 600 
166 1231 
167 198 
167 456 
167 428 
167 307 
167 1589 
167 214 
167 900 
168 2281 
168 619 
168 2029 
168 1615 
168 944 
168 995 
168 1942 
168 1053 
168 414 
169 2198 
169 590 
169 180 
169 438 
169 2171 
170 642 
170 1414 
170 1331 
170 714 
170 652 
170 627 
170 629 
170 889 
170 216 
170 794 
170 661 
171 1168 
171 2026 
171 555 
171 824 
171 2494 
172 1168 
172 1543 
172 425 
172 418 
172 205 
172 464 
172 561 
172 1172 
172 1236 
172 1007 
172 1596 
173 836 
173 2480 
173 2360 
173 275 
173 1686 
173 376 
173 1827 
173 538 
173 251 
173 894 
174 1410 
174 2442 
174 278 
174 580 
174 670 
174 415 
174 292 
174 805 
174 1964 
174 1204 
174 1206 
174 312 
174 188 
174 702 
174 1603 
174 2104 
174 594 
174 476 
174 1128 
174 1004 
174 509 
174 1534 
175 294 
175 423 
176 1698 
176 1066 
176 1003 
176 1613 
176 496 
176 2398 
176 922 
176 444 
176 253 
176 1694 
177 1397 
177 239 
177 181 
177 671 
178 2433 
178 1928 
178 1292 
178 2178 
178 527 
178 1046 
178 1308 
178 1695 
178 545 
178 562 
178 1207 
178 316 
178 1219 
178 461 
178 1999 
178 1745 
178 605 
178 1765 
178 660 
178 761 
179 419 
179 1319 
179 681 
179 650 
179 431 
179 1744 
179 264 
179 1960 
179 1556 
179 1385 
179 783 
179 956 
180 672 
180 1029 
180 454 
180 327 
180 1015 
180 1582 
180 819 
180 2105 
180 471 
180 1532 
180 1983 
181 448 
181 720 
181 1968 
181 865 
181 936 
181 938 
181 210 
181 852 
181 185 
181 217 
181 282 
181 2410 
182 474 
182 2435 
182 356 
182 359 
182 583 
182 1422 
182 399 
182 2237 
182 370 
182 1217 
182 2122 
182 215 
182 221 
183 296 
183 1879 
183 1742 
183 1971 
183 1397 
183 1481 
183 2014 
183 2261 
184 352 
184 1205 
184 1238 
184 2436 
184 261 
184 1697 
184 328 
184 1129 
184 1477 
184 784 
184 433 
184 1010 
184 936 
184 500 
184 245 
184 438 
184 1717 
184 1020 
185 399 
185 307 
185 1913 
185 1276 
185 2301 
185 1662 
185 341 
186 1056 
186 1665 
186 1410 
186 667 
186 229 
186 1574 
186 2172 
186 333 
186 877 
186 2416 
186 983 
186 856 
186 2233 
186 540 
187 704 
187 208 
187 994 
187 683 
187 1477 
187 1136 
187 267 
187 1038 
187 2385 
187 530 
187 408 
187 1076 
187 1370 
187 2362 
187 829 
187 670 
188 260 
188 394 
188 1296 
188 1811 
188 2068 
188 1046 
188 709 
188 934 
188 809 
188 1707 
188 946 
188 566 
188 315 
188 1981 
188 196 
188 502 
188 989 
188 2024 
188 361 
188 362 
188 1267 
188 758 
189 1899 
189 286 
190 578 
190 1003 
190 687 
191 2338 
191 489 
191 906 
191 1067 
191 2286 
191 945 
191 1098 
191 1001 
191 1400 
191 314 
191 2011 
191 924 
191 988 
191 2014 
191 1087 
192 2060 
192 1282 
192 303 
192 883 
192 1076 
192 213 
192 822 
192 218 
193 1281 
193 1451 
193 1732 
193 1957 
193 1736 
193 1099 
193 1715 
193 436 
193 1110 
193 727 
193 1855 
194 1334 
194 486 
194 200 
194 1084 
194 490 
194 747 
194 1526 
194 781 
194 1455 
194 552 
194 211 
194 1142 
194 920 
194 2362 
194 1519 
194 412 
194 1469 
194 1247 
195 740 
195 593 
195 287 
196 2438 
196 1449 
196 1368 
197 1764 
197 517 
198 918 
198 201 
198 999 
198 2382 
198 1021 
198 1912 
198 204 
198 405 
198 726 
198 632 
198 1845 
198 1951 
198 861 
198 1567 
199 839 
199 232 
199 522 
199 1559 
199 2029 
199 403 
199 1019 
199 735 
200 995 
200 488 
200 1527 
200 270 
200 466 
200 1971 
200 567 
200 1919 
201 1793 
201 2021 
201 1354 
201 588 
201 687 
201 1236 
201 1782 
201 1690 
201 1630 
202 553 
202 2282 
202 402 
202 1979 
203 520 
203 937 
203 360 
203 280 
203 793 
203 1534 
204 1088 
204 225 
204 2389 
204 387 
204 1031 
204 393 
204 1325 
204 273 
204 1522 
204 787 
204 693 
204 509 
204 1525 
205 212 
205 1986 
206 705 
206 322 
206 976 
206 293 
206 1265 
206 648 
206 233 
206 664 
206 814 
206 2095 
206 496 
206 248 
206 818 
206 1806 
206 1371 
206 1272 
208 1163 
208 1606 
208 2417 
208 623 
208 2289 
208 1170 
208 1467 
208 788 
208 2429 
208 697 
208 445 
208 1502 
209 1024 
209 750 
209 2121 
209 2033 
209 1014 
209 1340 
209 222 
210 2438 
210 1962 
210 267 
210 598 
211 325 
211 1063 
211 235 
211 303 
211 2033 
211 246 
211 248 
211 2425 
211 732 
212 1506 
212 243 
212 759 
212 970 
212 542 
213 1504 
213 1921 
213 232 
213 1353 
213 490 
213 942 
213 1649 
213 1203 
213 373 
213 1434 
213 636 
213 714 
214 800 
214 451 
214 552 
214 597 
214 1622 
214 2007 
214 830 
215 709 
215 587 
215 1683 
215 437 
215 2488 
216 640 
216 2017 
216 291 
216 935 
216 2046 
216 654 
216 1582 
216 1590 
216 1950 
217 481 
217 2196 
217 516 
217 1864 
217 617 
217 740 
217 661 
217 369 
217 306 
217 1558 
217 1174 
217 2249 
217 1880 
217 1668 
217 383 
218 954 
218 2476 
219 577 
219 354 
219 1749 
219 890 
219 2492 
220 448 
220 1217 
220 1741 
220 1734 
220 2441 
220 653 
220 313 
220 730 
220 445 
221 2177 
221 423 
221 967 
221 2092 
221 2288 
221 2450 
221 245 
222 1675 
222 231 
222 554 
222 1099 
222 973 
222 1902 
222 848 
222 1786 
222 829 
222 478 
222 1823 
223 1059 
223 2340 
223 551 
223 1963 
223 451 
223 376 
223 2332 
223 957 
223 1631 
224 1099 
224 1068 
224 852 
224 1982 
225 2432 
225 418 
225 264 
225 2380 
225 1275 
225 2236 
226 547 
226 300 
227 1280 
227 1797 
227 550 
227 1036 
227 434 
227 371 
227 2388 
227 2005 
227 247 
227 376 
227 698 
228 1665 
228 484 
228 1861 
228 1512 
228 602 
228 403 
228 341 
228 1348 
229 301 
229 375 
229 959 
230 450 
230 1997 
230 1231 
230 1844 
230 318 
230 766 
231 288 
231 1474 
231 2438 
231 1065 
231 626 
231 302 
231 989 
231 338 
231 607 
232 353 
232 291 
232 741 
232 2128 
232 1673 
232 1776 
232 791 
232 1925 
232 602 
232 1087 
233 400 
233 1089 
233 650 
233 556 
233 1313 
233 368 
233 536 
233 2449 
233 464 
233 1601 
233 1047 
233 1849 
233 250 
233 1502 
234 453 
234 2342 
234 2305 
234 1256 
234 1291 
234 1490 
234 1177 
234 380 
234 1695 
235 1572 
235 2025 
235 1109 
235 2249 
235 2008 
235 1212 
235 2229 
236 2049 
236 1740 
236 531 
236 1658 
236 1339 
236 413 
236 2047 
237 1184 
237 1708 
237 2100 
237 533 
237 2239 
238 324 
238 1797 
238 508 
239 800 
239 1682 
239 501 
239 1687 
239 1242 
239 1109 
240 576 
240 706 
240 1316 
240 2135 
240 1190 
240 842 
240 2123 
240 2160 
240 1206 
240 2041 
240 601 
240 2076 
240 378 
241 1465 
241 679 
241 457 
241 427 
241 812 
241 397 
241 2253 
241 483 
241 1845 
241 1367 
241 2236 
241 953 
242 1162 
242 2096 
242 2455 
243 513 
243 387 
243 357 
243 2486 
243 1480 
243 1143 
243 2198 
243 393 
243 313 
243 379 
243 1148 
245 289 
245 1570 
245 455 
245 2414 
245 1008 
245 950 
245 2487 
245 1692 
246 1710 
247 769 
247 812 
248 1287 
248 747 
248 493 
249 250 
249 890 
250 775 
250 2184 
250 267 
250 1039 
250 1747 
250 790 
250 1720 
250 1471 
250 1183 
251 2277 
251 2376 
251 853 
252 2147 
252 553 
252 2070 
252 2202 
252 1019 
253 1835 
253 1198 
254 577 
254 354 
254 361 
254 1835 
254 372 
254 822 
254 983 
254 628 
254 1402 
254 2393 
255 257 
255 2499 
255 1294 
255 1656 
255 665 
257 1562 
258 2234 
258 1081 
259 585 
259 268 
259 909 
259 1456 
259 696 
260 588 
260 487 
261 472 
261 567 
261 1945 
261 1594 
261 1791 
262 1568 
262 1314 
262 328 
262 979 
262 517 
263 1157 
263 2191 
263 1426 
263 1812 
263 406 
263 410 
263 1436 
263 544 
263 2162 
263 1453 
263 440 
263 2110 
263 584 
263 1110 
263 2009 
263 363 
263 1392 
263 1522 
263 2302 
263 508 
263 2046 
264 454 
264 585 
264 1995 
264 841 
264 1330 
264 1621 
264 535 
264 927 
265 816 
265 898 
265 1949 
265 1262 
265 1423 
265 1970 
265 1456 
265 308 
265 469 
265 2479 
265 317 
265 479 
266 1705 
266 492 
266 1042 
267 1896 
267 716 
267 895 
268 774 
268 1127 
268 2443 
268 2031 
268 1691 
270 1002 
270 1880 
270 573 
270 318 
271 752 
271 823 
271 602 
272 828 
272 1378 
273 672 
273 737 
273 1442 
273 484 
273 1125 
273 2183 
273 813 
273 2003 
273 1758 
273 2198 
273 1801 
273 1464 
273 412 
273 1438 
274 416 
274 1090 
274 1188 
274 2323 
274 2144 
274 299 
274 1581 
274 1427 
274 919 
274 791 
274 1276 
274 606 
274 1407 
275 1537 
275 2025 
275 331 
275 364 
275 558 
275 861 
275 2129 
275 1692 
275 669 
276 449 
276 578 
276 2049 
276 1861 
276 1190 
276 423 
276 1288 
276 2160 
276 523 
276 1672 
276 1335 
276 1560 
276 1241 
277 779 
277 1138 
277 887 
277 1500 
278 524 
278 1421 
278 787 
278 1998 
278 312 
278 829 
279 873 
279 330 
279 1069 
279 815 
279 337 
280 773 
280 2152 
280 426 
280 943 
280 1584 
280 371 
280 2036 
280 885 
280 728 
280 1355 
280 1083 
280 348 
280 1317 
281 993 
281 2404 
281 2059 
281 1170 
282 835 
282 806 
282 518 
282 455 
282 874 
282 1739 
282 1965 
282 1232 
282 755 
282 404 
282 1558 
282 1941 
282 985 
282 1498 
282 1052 
282 1119 
283 2219 
284 443 
284 1515 
284 1688 
284 985 
284 1278 
285 321 
285 2149 
285 1651 
285 1395 
285 941 
285 1517 
285 1393 
285 339 
285 2255 
285 2309 
286 928 
286 708 
286 549 
286 1000 
286 2059 
286 1486 
286 733 
286 1823 
287 733 
287 963 
287 2429 
288 992 
288 1814 
288 1638 
288 1184 
288 2124 
288 1377 
288 1078 
288 1208 
288 317 
289 2262 
289 647 
289 2420 
289 426 
289 971 
289 1329 
289 656 
289 744 
289 1202 
289 1299 
289 628 
289 2056 
289 1431 
289 724 
289 955 
289 1629 
289 1330 
290 614 
290 1063 
290 2153 
290 1354 
290 1817 
290 317 
290 1374 
291 2241 
291 1323 
291 1295 
292 960 
292 2272 
292 299 
292 1286 
292 1512 
292 523 
292 2223 
292 1198 
292 922 
292 925 
293 2081 
293 326 
293 1994 
293 2232 
293 1588 
293 442 
293 570 
293 2367 
294 2439 
294 1974 
295 1108 
295 451 
295 1364 
295 401 
295 690 
295 852 
296 1002 
296 2409 
296 2139 
297 358 
297 907 
297 365 
297 1261 
297 688 
297 888 
297 1149 
298 1728 
298 1097 
298 1483 
298 844 
298 525 
298 2097 
298 2290 
298 2099 
298 1364 
298 2238 
298 794 
298 380 
298 1789 
298 1534 
299 1413 
299 2314 
299 2161 
299 1654 
299 1221 
300 1475 
300 900 
300 486 
300 937 
300 751 
300 502 
300 1641 
301 1011 
302 1824 
302 1712 
302 1412 
302 2496 
302 1645 
302 622 
302 1200 
302 1528 
302 1458 
302 2419 
302 788 
302 2389 
302 568 
302 1407 
303 1318 
303 491 
303 1041 
303 1816 
304 422 
304 1447 
304 2037 
305 1284 
306 2111 
307 1057 
307 2159 
307 374 
308 1251 
308 1113 
309 580 
309 1223 
309 1064 
309 1163 
309 1523 
309 1027 
309 695 
309 600 
309 1540 
309 350 
309 799 
310 2179 
310 456 
310 2103 
310 344 
310 2202 
310 991 
311 515 
311 2213 
311 2186 
311 2411 
311 1615 
311 1176 
311 1884 
312 2040 
312 1885 
313 2347 
313 2291 
313 1867 
313 756 
313 1627 
314 1767 
314 2427 
314 1499 
315 1338 
315 2355 
316 1657 
316 1676 
316 1336 
316 2420 
316 821 
316 504 
316 345 
316 1503 
317 1447 
317 1393 
317 434 
317 1404 
318 1088 
318 1774 
318 996 
318 678 
318 1754 
318 2003 
318 596 
318 981 
318 1846 
318 1079 
318 344 
318 2457 
318 1626 
318 443 
318 1149 
318 1413 
319 337 
319 1466 
320 712 
320 753 
320 1918 
321 595 
321 1298 
323 2466 
323 689 
323 1905 
323 615 
323 2234 
324 967 
324 462 
325 352 
325 880 
325 440 
325 2165 
326 2260 
326 2006 
326 347 
326 1790 
327 610 
327 1475 
327 450 
327 847 
327 501 
327 2493 
328 613 
328 392 
328 908 
328 2027 
328 460 
328 1452 
328 911 
328 663 
328 1615 
328 347 
328 796 
329 1475 
329 902 
329 554 
329 1174 
330 1840 
330 374 
331 1882 
331 983 
332 1550 
332 2032 
332 1042 
332 506 
333 385 
333 516 
333 1284 
333 807 
333 1687 
333 719 
333 1237 
333 343 
333 888 
333 1694 
334 611 
334 903 
334 430 
334 952 
335 355 
335 820 
335 633 
335 1882 
336 673 
336 999 
336 588 
336 621 
336 817 
336 756 
336 1831 
336 1055 
337 2020 
337 848 
337 1460 
338 1344 
338 2307 
338 1807 
338 1425 
338 497 
338 755 
338 2292 
338 1370 
339 1723 
339 488 
339 715 
339 1586 
339 558 
339 541 
339 850 
339 1935 
339 760 
339 623 
340 1955 
340 1228 
340 2314 
340 1068 
340 1613 
340 1327 
340 2066 
340 953 
340 2461 
340 1213 
340 990 
341 1619 
341 1655 
342 2148 
342 1026 
342 420 
342 1415 
342 745 
342 1516 
342 2383 
342 1604 
342 510 
343 484 
343 1235 
343 1652 
343 2230 
343 377 
343 796 
343 542 
344 689 
344 1278 
344 2184 
345 711 
345 1736 
345 746 
345 1643 
345 908 
345 564 
345 1238 
345 1304 
345 836 
345 573 
346 966 
346 759 
346 823 
347 2228 
347 1047 
348 1092 
348 549 
348 775 
348 1682 
348 1883 
349 1280 
349 2020 
349 1324 
349 1505 
349 1079 
350 2149 
350 366 
350 782 
350 559 
351 899 
351 398 
351 465 
351 1919 
352 849 
352 1096 
352 1322 
352 528 
352 472 
352 2045 
352 703 
353 384 
353 1030 
353 2056 
353 911 
353 1297 
353 666 
353 2079 
353 417 
353 1331 
353 441 
353 707 
353 1606 
353 456 
353 1098 
353 467 
353 727 
353 907 
353 1521 
353 503 
353 891 
353 1277 
354 1222 
354 710 
354 966 
354 1033 
354 874 
354 1172 
355 1216 
356 452 
356 1105 
356 562 
357 2368 
357 1445 
357 1768 
357 1107 
357 1718 
357 571 
358 1703 
358 981 
358 1726 
360 786 
360 1288 
361 2465 
361 870 
361 2385 
361 2097 
361 819 
361 789 
361 1241 
361 1501 
361 1493 
362 901 
363 1344 
363 1060 
363 969 
363 490 
363 555 
363 724 
363 1124 
363 1279 
364 1025 
364 1833 
365 750 
365 943 
365 2035 
365 1583 
365 987 
366 2406 
366 2055 
366 1266 
366 442 
367 1137 
367 2322 
367 408 
367 1243 
368 801 
368 652 
368 977 
368 379 
369 608 
369 1734 
369 1278 
369 1077 
369 2299 
369 447 
370 2299 
371 1761 
371 2131 
371 1379 
371 2186 
371 2483 
371 1518 
371 475 
371 2109 
373 1373 
373 412 
373 1054 
373 511 
374 778 
375 1876 
376 1701 
376 2371 
377 867 
377 1778 
378 1552 
378 553 
378 1900 
379 769 
379 421 
379 1670 
379 2280 
379 521 
379 1837 
379 719 
379 1781 
379 1303 
379 2490 
379 1470 
379 383 
380 2306 
380 1635 
380 1609 
380 1388 
380 605 
380 734 
381 651 
381 466 
381 726 
381 1240 
381 1950 
382 2145 
382 1538 
382 2435 
382 2285 
382 1236 
382 1719 
382 1919 
383 644 
383 1859 
383 795 
383 444 
385 2171 
385 2252 
386 2214 
386 454 
386 970 
386 1871 
386 1360 
386 2034 
386 1145 
386 1661 
386 1791 
387 514 
387 1448 
387 706 
387 2030 
388 515 
388 1707 
388 1491 
388 692 
388 857 
388 1359 
389 1772 
389 493 
389 595 
389 2137 
390 1319 
390 1186 
390 1253 
390 913 
390 683 
390 1714 
390 468 
390 824 
390 956 
390 1533 
390 1669 
392 864 
392 1507 
392 1644 
392 908 
392 1229 
392 1563 
392 1821 
393 1381 
393 554 
393 494 
393 569 
393 1533 
394 677 
394 875 
394 1470 
395 2462 
396 899 
396 1031 
396 1543 
396 558 
396 2066 
396 2174 
396 956 
396 1438 
397 452 
397 774 
397 785 
397 2057 
397 2487 
398 525 
398 2270 
398 1535 
399 1095 
399 809 
399 717 
399 1757 
400 792 
401 2076 
402 769 
402 546 
402 739 
402 932 
402 1642 
402 1030 
402 2119 
402 843 
402 1933 
402 1263 
402 592 
402 1300 
402 1365 
402 824 
402 2151 
402 1277 
402 2133 
403 1059 
403 1461 
403 632 
404 1377 
404 557 
404 2142 
405 1121 
405 1853 
407 811 
407 2413 
407 624 
407 823 
407 2228 
407 603 
407 924 
408 2383 
408 1333 
409 1280 
409 1037 
409 782 
409 1807 
409 798 
409 2464 
409 1953 
409 931 
409 424 
409 556 
409 432 
409 964 
409 709 
409 582 
409 1228 
409 1495 
409 2426 
409 1506 
409 2147 
409 1128 
409 745 
409 1134 
409 1519 
409 889 
409 2042 
409 1020 
409 1021 
410 1543 
410 428 
410 1809 
410 1023 
411 458 
411 1168 
411 2197 
411 1302 
411 1175 
411 1243 
412 1092 
412 1575 
412 2134 
412 1308 
413 1488 
413 1268 
413 1461 
413 1305 
413 797 
414 608 
414 1985 
414 835 
414 2185 
414 1571 
414 669 
415 544 
415 1346 
415 1254 
415 614 
415 1340 
415 812 
415 2381 
415 2358 
415 2232 
415 2428 
416 2211 
416 2315 
417 1795 
417 2055 
417 1325 
417 1968 
418 1539 
418 540 
419 801 
419 708 
419 1764 
419 1017 
420 545 
420 898 
420 1345 
420 620 
420 1698 
420 2254 
420 468 
420 665 
422 1027 
422 1349 
422 1126 
422 429 
422 2257 
422 473 
423 1633 
423 2255 
423 1684 
423 1167 
423 1564 
423 1245 
423 863 
424 1199 
424 2164 
424 565 
424 2077 
425 2002 
425 2223 
425 882 
425 1695 
426 930 
426 427 
426 1036 
428 485 
428 764 
429 1554 
429 1351 
430 2458 
431 1963 
432 1706 
432 1515 
432 1400 
432 2425 
433 835 
433 1732 
433 614 
433 1516 
433 1452 
433 527 
433 1048 
433 1653 
433 1142 
433 2329 
433 666 
433 1631 
433 2268 
433 606 
433 1215 
434 513 
434 994 
434 1797 
434 1123 
434 948 
435 481 
435 2216 
435 2037 
437 801 
437 1642 
437 876 
437 625 
437 658 
437 635 
437 732 
437 1309 
438 2470 
438 680 
438 941 
438 974 
438 1934 
438 1787 
439 2147 
439 1579 
439 1102 
439 975 
439 1879 
439 472 
440 1792 
440 2434 
440 720 
440 2231 
440 2394 
441 1195 
441 1730 
441 2460 
441 671 
442 2126 
443 547 
443 749 
443 2286 
443 978 
443 2292 
443 630 
444 2464 
444 1872 
444 2150 
444 457 
444 1066 
444 942 
444 978 
444 1975 
445 1735 
445 1458 
445 504 
445 1470 
446 1569 
446 775 
446 690 
446 1326 
446 572 
446 1757 
446 1223 
446 575 
447 1487 
447 498 
447 1398 
448 2293 
448 933 
448 2087 
448 1648 
448 1525 
448 1240 
449 716 
449 2474 
449 1649 
449 475 
450 1774 
450 1237 
450 1719 
451 2178 
451 675 
451 1028 
451 2443 
451 526 
451 1524 
452 1354 
452 1078 
453 1582 
454 1023 
455 2270 
456 1110 
457 866 
457 497 
457 2056 
457 2317 
458 1461 
458 742 
459 564 
460 1265 
461 1472 
461 2152 
461 499 
461 532 
461 793 
461 2239 
461 958 
461 1759 
462 1747 
462 1764 
463 1356 
464 1095 
464 682 
464 2130 
464 1290 
465 2279 
465 2290 
465 2106 
466 1090 
466 869 
466 1482 
466 495 
466 1530 
467 1648 
467 2359 
467 859 
468 657 
468 1941 
468 766 
469 886 
469 471 
469 1310 
470 1729 
470 482 
470 2243 
470 715 
470 610 
470 847 
470 2002 
470 1491 
470 664 
470 1743 
471 644 
471 2473 
471 1306 
471 1972 
471 1310 
473 1728 
473 973 
474 2048 
474 2051 
474 982 
474 2343 
474 1160 
474 2094 
474 1230 
474 2031 
474 560 
474 1713 
474 853 
474 1015 
474 1438 
475 2130 
475 568 
476 1366 
476 529 
476 968 
476 1577 
476 1959 
476 590 
476 1840 
476 1428 
476 598 
476 631 
476 920 
476 2329 
476 686 
477 896 
477 1654 
477 2102 
477 593 
477 1044 
477 507 
477 636 
477 765 
478 1024 
478 1430 
478 1249 
478 1065 
478 977 
478 699 
479 941 
479 2012 
482 1737 
482 1264 
482 2165 
483 640 
483 896 
483 977 
483 2499 
483 497 
483 1063 
483 1794 
483 2023 
483 1159 
483 1437 
484 1381 
485 2240 
485 1894 
485 808 
485 2063 
485 562 
485 856 
485 2106 
485 914 
486 1230 
487 1445 
487 1912 
487 2073 
488 1545 
488 653 
489 2209 
489 2069 
490 2371 
490 2096 
490 947 
490 637 
490 2399 
491 1122 
491 1544 
491 1001 
491 834 
491 879 
491 820 
491 2313 
491 2431 
496 1037 
497 618 
497 1387 
497 848 
497 1944 
498 2103 
498 2067 
498 1657 
498 2205 
499 1793 
499 1704 
499 714 
499 1040 
499 1832 
499 1017 
499 1915 
499 862 
499 959 
500 929 
500 770 
500 1356 
500 654 
500 721 
500 1140 
500 937 
500 753 
500 701 
500 991 
501 1567 
501 1270 
502 2315 
502 1229 
502 757 
502 2412 
502 1372 
503 931 
503 806 
503 1482 
503 858 
503 1146 
504 640 
504 1025 
504 1180 
504 557 
504 2319 
504 884 
504 793 
505 594 
506 1264 
506 2282 
506 1977 
507 1603 
508 1449 
508 2154 
508 2104 
509 1792 
509 1004 
509 2202 
510 1167 
510 911 
510 1180 
512 832 
512 1450 
512 780 
512 623 
512 819 
512 564 
512 1529 
512 2010 
513 741 
513 1608 
513 2002 
513 951 
513 764 
514 579 
514 1193 
514 2087 
514 1102 
514 1146 
514 1115 
514 2172 
514 947 
515 867 
516 2284 
516 1199 
516 1040 
516 662 
516 1487 
516 701 
517 2305 
517 550 
519 994 
519 1592 
519 2274 
519 1293 
519 1359 
519 817 
519 2353 
519 662 
519 728 
519 2266 
519 2175 
520 1632 
520 1058 
520 1388 
520 1666 
520 851 
520 2101 
520 927 
521 1462 
522 581 
522 2118 
523 2298 
524 2114 
524 1868 
524 1008 
524 915 
524 1907 
524 2396 
524 1854 
525 547 
525 1580 
525 1294 
526 1221 
526 1352 
526 841 
527 1524 
527 728 
527 831 
528 1161 
528 2240 
528 1622 
528 568 
529 2048 
529 1799 
529 686 
529 1492 
530 1342 
530 1399 
531 1390 
532 1700 
533 1025 
533 1443 
533 1089 
533 871 
533 679 
533 944 
533 1233 
533 1301 
533 759 
534 866 
534 586 
534 1906 
534 624 
534 1074 
534 757 
534 1334 
534 1822 
535 1825 
536 576 
536 889 
536 1851 
537 1319 
537 1896 
537 1639 
537 1485 
537 1517 
537 2033 
537 786 
537 1875 
537 668 
538 1729 
538 649 
538 886 
538 1892 
539 1120 
539 803 
539 2468 
539 1254 
539 2026 
539 2368 
539 948 
539 1141 
539 1568 
539 1525 
540 1669 
540 1812 
541 1762 
541 872 
541 1947 
541 604 
542 1595 
542 1379 
542 997 
542 698 
542 1019 
542 863 
544 646 
544 1234 
544 2324 
544 2495 
544 1116 
544 1854 
545 802 
546 1466 
546 2125 
547 993 
547 1510 
547 1267 
549 807 
549 1660 
549 1959 
549 813 
549 1841 
549 1362 
549 2166 
549 1818 
550 1611 
550 1870 
550 979 
550 949 
551 1996 
551 2005 
551 1369 
552 577 
552 1018 
553 675 
554 846 
554 2073 
554 1247 
555 833 
555 1128 
555 1021 
556 1463 
557 1729 
557 1222 
557 807 
557 1608 
557 2320 
557 1962 
557 748 
557 846 
557 912 
557 2296 
557 1753 
558 1340 
558 767 
559 2338 
559 868 
559 673 
559 1980 
559 1514 
559 779 
559 844 
559 2450 
559 980 
559 1044 
559 2460 
559 924 
560 1283 
561 1479 
561 909 
561 1584 
561 826 
563 2149 
563 776 
563 1902 
563 1401 
564 971 
564 868 
564 622 
564 882 
564 789 
564 1335 
564 1173 
565 2187 
565 786 
565 2039 
565 1112 
565 958 
566 1600 
566 2132 
566 1305 
566 1083 
567 1896 
568 2064 
568 763 
569 864 
569 1930 
569 1005 
569 1239 
569 2303 
570 784 
570 1815 
570 1113 
571 1220 
571 1453 
571 694 
571 1779 
571 1302 
571 1481 
571 1402 
574 2358 
576 581 
576 1825 
576 1035 
576 1144 
576 1108 
576 1812 
576 1852 
577 1537 
577 1545 
577 1948 
577 1052 
578 1474 
578 1315 
578 1515 
578 638 
579 1509 
579 646 
579 2312 
579 814 
580 2395 
580 2416 
580 2036 
580 1751 
580 1307 
581 2070 
583 2209 
583 1507 
583 2034 
583 607 
584 2382 
584 1613 
586 776 
586 1994 
586 1804 
586 1277 
587 2138 
589 2440 
589 1117 
589 1617 
589 1746 
591 2203 
591 1187 
592 1147 
592 1678 
593 1898 
593 1820 
594 1428 
594 2021 
595 2374 
595 2220 
595 1428 
595 1341 
596 1485 
596 651 
596 749 
596 826 
596 1852 
600 2352 
601 1152 
601 2212 
601 2351 
602 1283 
602 964 
602 2063 
602 1566 
602 1407 
603 1353 
603 1039 
603 1745 
604 740 
604 1899 
604 940 
604 2353 
604 695 
604 696 
604 1599 
604 799 
605 756 
605 804 
606 1409 
606 1026 
606 1652 
606 1431 
608 1860 
608 1679 
609 2412 
610 753 
610 2191 
611 2429 
612 1531 
613 1314 
613 2393 
613 890 
613 2143 
614 1984 
614 2419 
614 883 
615 2178 
615 1252 
615 1196 
615 1528 
615 729 
615 1306 
615 1311 
616 1584 
616 1103 
618 939 
618 2445 
618 656 
618 1180 
619 1346 
619 1339 
619 2339 
619 1075 
620 1408 
620 1264 
620 723 
620 1721 
621 773 
621 939 
621 1211 
622 2242 
622 1576 
622 2124 
622 2028 
622 1839 
622 1636 
622 1778 
622 1049 
622 1242 
622 2207 
624 855 
624 636 
624 1055 
625 2017 
625 1801 
625 1964 
625 1877 
625 830 
626 1120 
626 1889 
627 1462 
630 1989 
630 1930 
630 680 
630 2195 
631 843 
633 1134 
633 1396 
633 1007 
634 642 
634 870 
634 713 
634 1490 
634 949 
634 1271 
634 698 
634 2394 
634 1205 
635 742 
636 2384 
636 1220 
636 998 
636 2110 
636 2333 
636 1590 
636 1561 
636 2492 
636 734 
637 674 
637 2235 
637 2205 
638 1205 
640 2235 
640 1425 
641 803 
641 1444 
642 809 
642 1836 
643 1550 
644 1102 
644 2447 
644 731 
645 2273 
645 1781 
646 1216 
646 804 
646 1446 
646 910 
646 1395 
646 1143 
646 1624 
646 892 
647 2000 
647 1796 
648 1350 
648 1246 
649 843 
650 1108 
650 1987 
651 968 
652 2193 
653 770 
653 1350 
653 1227 
653 1016 
653 2365 
653 830 
654 1184 
654 1897 
657 2214 
657 1026 
657 2258 
657 1597 
658 2177 
658 1828 
658 840 
658 1864 
658 872 
658 978 
659 2259 
661 2266 
661 2346 
661 1086 
662 2423 
664 2145 
664 1878 
664 1773 
664 1747 
664 2068 
664 1303 
665 745 
665 1970 
666 1542 
666 1800 
666 684 
666 1196 
668 1320 
669 2325 
670 1548 
670 1783 
671 1115 
671 1629 
672 1829 
673 2464 
673 1999 
673 1361 
673 827 
674 1967 
674 720 
674 692 
674 2422 
675 1312 
675 1101 
675 1072 
676 705 
676 1763 
676 2441 
677 1221 
678 1901 
678 1713 
678 990 
680 1366 
680 1842 
680 2453 
680 1914 
681 2117 
681 2183 
681 1750 
681 925 
684 800 
684 1800 
684 1993 
684 1847 
684 2331 
685 1999 
685 1011 
685 1621 
686 1355 
687 1862 
687 1287 
687 955 
687 1659 
687 1627 
688 1230 
689 1859 
690 1796 
690 722 
691 1312 
691 2058 
691 1689 
692 1522 
692 1614 
694 1321 
694 1226 
694 725 
695 837 
695 1094 
695 2192 
695 1716 
697 1792 
697 2246 
697 2158 
697 765 
698 1768 
698 1996 
698 716 
698 1617 
700 1858 
700 1731 
700 2316 
700 2226 
700 1662 
701 923 
702 2105 
705 982 
706 1090 
707 992 
707 1419 
708 1671 
708 904 
708 1450 
708 1012 
708 1559 
708 2335 
709 731 
709 1109 
710 2008 
710 2105 
711 2378 
711 735 
712 1619 
712 1327 
713 2112 
713 1569 
713 868 
713 2369 
713 1067 
713 916 
713 2235 
713 1093 
714 1077 
714 918 
714 906 
715 897 
715 1607 
715 2250 
715 1934 
716 1220 
716 1103 
717 1678 
719 1986 
719 2470 
719 1043 
719 853 
721 737 
721 1441 
721 1259 
721 2380 
721 1181 
722 1120 
724 1944 
724 1532 
725 2402 
726 1398 
726 2050 
728 1581 
728 1554 
728 854 
728 827 
729 1916 
729 1101 
729 1628 
730 2465 
730 2472 
730 1870 
730 1913 
730 1624 
730 1209 
731 900 
731 762 
732 1376 
732 2393 
733 2336 
733 1924 
733 2396 
736 1334 
736 1158 
737 1555 
739 2080 
739 1573 
739 2408 
740 749 
740 752 
740 2403 
740 1462 
741 1353 
741 2444 
741 1201 
741 1938 
741 2169 
742 1501 
743 777 
743 1323 
743 1731 
743 762 
744 2069 
744 929 
745 1159 
745 2184 
745 910 
745 2447 
745 785 
745 1565 
746 1453 
746 2453 
746 1437 
747 1060 
747 1770 
747 1866 
747 2478 
747 1103 
747 1746 
747 1555 
747 1711 
749 766 
750 1520 
751 1034 
751 1621 
751 1400 
753 2344 
753 2295 
753 1527 
753 1722 
753 1725 
753 1726 
753 1727 
754 1155 
754 1042 
754 1882 
755 1964 
755 1375 
756 1514 
756 1751 
757 1661 
757 1225 
758 1250 
758 1004 
758 1554 
759 1178 
760 2474 
760 2053 
763 1616 
763 1122 
764 1848 
765 2058 
766 1318 
767 2364 
768 2412 
768 2189 
768 2128 
768 1140 
768 1141 
768 1496 
770 1800 
770 982 
770 2136 
770 926 
771 802 
772 859 
773 1681 
773 2377 
774 1360 
774 1752 
774 1013 
774 888 
775 849 
775 1570 
776 986 
776 1258 
778 2025 
778 913 
778 2441 
779 1177 
779 1734 
781 1686 
782 2115 
782 967 
782 2375 
782 1488 
783 2217 
783 2286 
783 1873 
784 1856 
784 1150 
784 1247 
785 1696 
785 1062 
785 875 
785 1677 
785 1106 
785 1179 
785 1086 
787 2264 
787 1427 
788 1952 
788 1839 
789 934 
789 1191 
789 1932 
790 2096 
791 934 
791 1708 
791 2457 
791 2397 
792 897 
792 850 
793 1784 
794 1505 
794 1186 
794 1699 
794 2418 
794 2469 
794 1991 
794 1224 
794 1325 
794 2413 
794 1138 
795 1376 
795 964 
795 1541 
795 1857 
795 1096 
795 1298 
796 1127 
796 2461 
797 923 
797 2414 
798 1651 
798 2433 
799 2250 
799 2497 
800 1418 
800 1680 
800 2004 
800 1783 
800 1628 
801 864 
801 1795 
804 1771 
805 1289 
807 2437 
807 875 
807 1233 
808 1725 
809 2204 
809 1426 
811 1285 
811 961 
811 1363 
812 2084 
812 2376 
812 2444 
812 1932 
812 1938 
812 2015 
812 925 
813 1558 
814 1536 
814 2349 
814 1430 
814 1727 
815 1700 
815 1204 
816 1056 
816 1332 
816 1178 
817 1048 
817 1370 
818 1904 
818 2318 
819 1714 
820 2299 
821 2276 
821 1085 
822 2223 
824 2007 
825 1061 
825 844 
825 2062 
825 1174 
825 2015 
826 1330 
827 1347 
827 1123 
827 1302 
829 1364 
830 1908 
830 1597 
831 1345 
831 1351 
831 1813 
831 1211 
831 2430 
832 2220 
832 2078 
833 992 
833 2322 
834 1010 
835 1121 
837 1664 
837 867 
837 1639 
837 1907 
837 921 
838 2101 
839 1179 
839 1711 
843 1239 
843 2313 
843 926 
844 2208 
844 2248 
844 2263 
846 1753 
847 2424 
847 1697 
848 1433 
848 1863 
850 1782 
851 1517 
852 2369 
852 1480 
852 1981 
853 1903 
853 1125 
853 1895 
853 1131 
853 2239 
853 1106 
853 1076 
853 1623 
853 2207 
854 2498 
854 2295 
855 930 
855 1283 
855 2292 
856 944 
856 1780 
856 1564 
857 2350 
857 1015 
857 1823 
858 1223 
859 1579 
859 2098 
859 1752 
859 1117 
861 1320 
861 2263 
862 1430 
863 903 
863 1384 
863 1033 
863 1013 
863 1630 
864 1361 
864 915 
864 2484 
864 1269 
865 1401 
865 963 
866 2230 
866 2423 
866 2171 
866 1311 
867 2120 
867 1417 
867 1067 
867 893 
867 2437 
868 2483 
869 1094 
869 2489 
869 1631 
871 1476 
871 1101 
875 1866 
876 960 
876 1329 
876 1403 
877 1012 
879 1632 
879 2091 
879 1738 
879 1214 
880 938 
880 1809 
880 1362 
880 1130 
880 1978 
880 1839 
880 957 
881 1304 
882 1634 
883 1136 
884 998 
884 1324 
884 1200 
884 2386 
885 1166 
885 2488 
885 1365 
885 1819 
886 1744 
886 2214 
886 971 
886 1296 
886 1458 
886 2041 
887 2072 
888 1153 
888 2212 
888 2021 
888 1399 
888 1789 
888 1471 
889 1828 
889 1199 
892 1712 
893 1552 
893 2220 
893 2228 
893 1208 
894 1411 
894 1159 
894 1511 
894 2124 
894 1301 
894 2249 
895 2127 
895 995 
896 2404 
896 1160 
896 1290 
896 1100 
896 2132 
897 1986 
897 1091 
897 1571 
898 1890 
898 1488 
898 2259 
898 1783 
899 2042 
900 1448 
900 940 
901 1992 
902 1255 
902 1720 
902 1369 
903 1756 
904 2080 
904 2410 
905 1124 
905 1587 
905 2331 
906 2280 
906 2138 
906 1000 
906 1806 
906 1169 
906 2039 
906 986 
906 1565 
907 1538 
907 1549 
907 1720 
908 1274 
908 1169 
909 1826 
909 1755 
910 1351 
910 1073 
910 1029 
911 1966 
911 1065 
912 1858 
912 1614 
912 1746 
912 1469 
912 1758 
913 1710 
913 1917 
913 2269 
914 2392 
915 1920 
915 1530 
915 1213 
918 1725 
919 2120 
919 938 
919 1548 
919 2125 
919 1299 
920 2456 
920 1670 
921 1218 
922 1080 
924 1611 
924 2274 
925 2284 
925 1601 
926 2432 
926 1328 
926 1187 
926 2227 
926 2151 
926 1704 
926 2252 
926 2050 
926 1390 
926 2479 
926 1040 
926 2362 
926 2363 
926 1948 
926 1599 
927 1643 
930 1985 
930 1925 
930 1192 
930 975 
930 1969 
931 1135 
932 996 
932 2492 
932 1806 
932 1468 
932 2047 
933 1815 
935 1520 
935 1936 
935 1956 
935 1170 
935 1045 
936 1390 
936 1447 
937 960 
937 1645 
942 1667 
942 991 
943 1542 
943 1607 
943 1484 
943 1933 
943 1267 
943 1335 
943 1209 
944 1232 
944 1998 
945 1432 
945 1676 
946 1187 
946 2294 
946 2365 
947 1041 
948 1234 
949 1062 
949 1386 
949 1910 
949 2104 
951 1641 
951 1258 
951 1326 
951 1204 
951 1673 
951 2392 
951 1114 
951 2078 
951 1983 
952 2042 
952 1212 
953 1953 
953 1553 
953 1799 
953 1114 
953 1531 
954 1105 
955 2355 
956 1372 
956 1825 
957 1006 
958 1594 
959 1018 
960 1706 
960 1423 
961 1133 
962 1514 
963 1512 
963 1134 
963 2130 
963 1238 
963 1659 
964 2180 
964 1926 
965 2240 
965 1357 
965 1107 
967 1300 
968 1889 
969 1798 
969 2092 
969 1271 
970 1219 
970 2373 
971 1975 
971 1343 
972 1050 
972 1115 
974 1965 
975 2075 
975 1388 
975 1218 
975 1459 
975 1017 
975 1211 
977 984 
980 2311 
980 1594 
980 1951 
981 1269 
981 1943 
982 2426 
983 1155 
983 1224 
983 985 
984 1059 
984 1197 
984 1262 
984 1133 
984 2102 
984 1496 
984 1647 
985 1920 
986 1135 
987 1389 
989 1386 
989 1383 
990 1506 
991 1139 
992 1485 
993 1320 
993 1251 
996 1126 
997 1331 
997 2329 
997 2015 
1000 1186 
1000 1268 
1000 1663 
1002 2308 
1003 1225 
1003 1503 
1005 1182 
1007 1284 
1008 1731 
1009 1381 
1009 1352 
1009 1130 
1009 1166 
1009 1139 
1009 2167 
1010 1255 
1010 2248 
1010 1233 
1010 2386 
1010 1912 
1011 1677 
1011 1966 
1011 1646 
1012 1152 
1012 1541 
1014 1371 
1014 1540 
1014 1125 
1014 1641 
1014 1273 
1014 1208 
1014 1118 
1015 1394 
1015 1244 
1016 2157 
1017 2244 
1017 1990 
1017 2481 
1017 1145 
1017 2271 
1018 1056 
1018 1034 
1018 2093 
1018 1576 
1020 1473 
1020 1893 
1020 2014 
1021 1666 
1021 1095 
1021 1112 
1023 1154 
1023 1161 
1023 1231 
1024 1500 
1025 2366 
1026 1946 
1028 2387 
1029 2330 
1029 1718 
1030 1478 
1030 2349 
1030 2004 
1031 1070 
1031 1973 
1031 1658 
1033 2296 
1034 2436 
1035 1511 
1035 1081 
1035 1151 
1036 1697 
1037 1246 
1037 1049 
1038 2277 
1038 2001 
1038 1244 
1038 1118 
1039 1263 
1041 2183 
1041 1546 
1041 1879 
1041 2222 
1041 1555 
1041 1974 
1041 1175 
1042 2148 
1043 1160 
1043 2312 
1043 2356 
1044 1164 
1047 1738 
1049 2018 
1051 1185 
1051 1890 
1051 1672 
1051 1685 
1051 2334 
1052 2182 
1053 1794 
1053 2348 
1054 1131 
1054 1405 
1055 1367 
1056 1203 
1056 1686 
1056 1530 
1057 1086 
1059 2348 
1059 1680 
1059 1268 
1059 1851 
1060 1457 
1061 1132 
1061 1411 
1062 2131 
1062 2097 
1063 2341 
1064 2053 
1065 1093 
1066 1396 
1066 1357 
1067 1197 
1067 1366 
1068 1865 
1068 2498 
1069 1650 
1070 1668 
1071 1465 
1071 2163 
1072 1432 
1074 1881 
1075 1410 
1077 1189 
1079 1988 
1079 1093 
1079 1491 
1079 1172 
1079 2425 
1079 1113 
1080 2019 
1080 2060 
1080 1682 
1080 2009 
1080 2364 
1081 1249 
1081 2222 
1081 1871 
1081 1874 
1081 2367 
1082 2142 
1082 1519 
1083 1316 
1084 1248 
1085 1585 
1085 1270 
1086 2265 
1086 1961 
1087 1486 
1088 1191 
1088 1392 
1088 2418 
1089 2423 
1090 1406 
1091 1610 
1091 2111 
1092 1756 
1092 1415 
1093 1422 
1094 2388 
1094 1972 
1094 1375 
1096 1947 
1096 2284 
1097 2319 
1100 2283 
1100 1116 
1101 2196 
1102 1667 
1102 1189 
1102 2471 
1102 2321 
1102 2013 
1103 1409 
1103 1596 
1103 2077 
1104 1957 
1104 2100 
1104 1821 
1104 1183 
1105 1612 
1105 1646 
1106 1479 
1108 1281 
1108 1921 
1108 1562 
1109 2043 
1110 1154 
1110 1420 
1110 1329 
1110 2330 
1110 2206 
1111 1586 
1111 2199 
1112 1492 
1112 1135 
1115 2095 
1115 1881 
1115 2238 
1116 1387 
1116 2415 
1119 1678 
1120 1190 
1121 2185 
1121 1218 
1123 2103 
1124 2115 
1124 1741 
1125 2180 
1125 1992 
1125 1837 
1125 2158 
1125 1234 
1125 1492 
1125 2136 
1125 1404 
1126 2343 
1127 1673 
1130 1281 
1131 2159 
1131 1656 
1131 1341 
1131 1406 
1133 2401 
1135 1603 
1137 1868 
1138 2129 
1139 1840 
1139 1429 
1139 1979 
1140 1224 
1142 1260 
1142 2168 
1142 1181 
1144 1156 
1144 1737 
1145 1201 
1145 1940 
1145 1948 
1146 2016 
1146 1830 
1146 1165 
1146 2422 
1147 2400 
1147 2339 
1147 2378 
1150 1803 
1151 1648 
1151 1681 
1151 1546 
1152 2390 
1154 2295 
1155 1610 
1155 1822 
1156 1635 
1159 1478 
1159 1197 
1159 2318 
1159 1653 
1159 1464 
1161 2361 
1161 2488 
1164 1844 
1164 1904 
1165 1250 
1165 2307 
1166 1668 
1166 1918 
1166 1301 
1168 2084 
1168 2373 
1171 2401 
1172 2344 
1173 1389 
1173 1961 
1173 1279 
1174 2343 
1174 2091 
1174 1232 
1174 1693 
1175 1982 
1176 2335 
1176 2278 
1177 1308 
1177 1838 
1178 2163 
1178 2151 
1179 1739 
1179 2141 
1180 1523 
1180 2430 
1181 2046 
1181 1661 
1184 1529 
1184 2477 
1185 1299 
1185 2190 
1186 1843 
1187 1214 
1188 1339 
1188 2035 
1189 1612 
1191 1826 
1192 1936 
1193 1770 
1193 1901 
1193 1309 
1194 2193 
1194 1789 
1195 2208 
1195 1294 
1196 2254 
1196 1423 
1196 1266 
1196 1620 
1200 1352 
1200 2374 
1201 2155 
1201 1987 
1202 2424 
1205 2093 
1207 2462 
1208 2354 
1209 2459 
1211 1951 
1211 1374 
1213 2340 
1213 1413 
1213 2265 
1216 1745 
1216 1726 
1217 2403 
1217 1591 
1218 1671 
1220 1589 
1222 2088 
1223 1539 
1223 1893 
1223 1266 
1225 1384 
1226 2100 
1227 2276 
1227 1969 
1227 1434 
1228 1984 
1230 1949 
1231 1653 
1231 1620 
1232 2306 
1232 1853 
1233 2315 
1233 1382 
1235 1929 
1238 1629 
1240 2022 
1241 1906 
1241 1831 
1242 2422 
1243 2399 
1245 1376 
1245 1567 
1246 1881 
1246 1785 
1247 2475 
1248 1569 
1249 2181 
1249 1836 
1249 1807 
1249 2133 
1249 1692 
1249 1887 
1252 2146 
1252 1988 
1252 2407 
1252 2062 
1254 2157 
1254 1885 
1255 1712 
1257 1419 
1257 2319 
1257 1495 
1257 1435 
1258 2210 
1258 2085 
1258 2439 
1258 1886 
1259 2106 
1259 1691 
1261 1507 
1261 1383 
1261 1416 
1261 1385 
1261 1493 
1262 2208 
1262 1958 
1262 1516 
1263 1632 
1263 1313 
1266 2145 
1266 2140 
1266 1333 
1266 2008 
1266 1436 
1268 2066 
1268 1954 
1269 1598 
1270 2054 
1270 1777 
1270 1822 
1271 1373 
1272 1605 
1273 2241 
1275 1730 
1276 1952 
1276 2113 
1276 2225 
1276 1616 
1276 2099 
1276 1911 
1277 1762 
1277 1799 
1277 2485 
1277 1528 
1278 2272 
1278 2341 
1278 1639 
1278 1832 
1278 1656 
1278 1583 
1278 1588 
1280 1386 
1282 2060 
1283 1786 
1284 1898 
1284 1605 
1285 1457 
1285 2141 
1288 1479 
1290 2082 
1290 2132 
1291 2245 
1291 1928 
1291 1551 
1291 1960 
1292 1510 
1295 1312 
1295 2310 
1295 1643 
1295 1420 
1296 1380 
1297 2439 
1297 1459 
1297 2140 
1297 2213 
1298 2143 
1299 1605 
1299 2137 
1299 1310 
1301 2405 
1301 1393 
1301 1427 
1302 1674 
1303 2061 
1303 1671 
1305 1719 
1306 2165 
1307 2278 
1308 1460 
1309 2086 
1309 2169 
1310 1904 
1312 2270 
1313 2269 
1314 1856 
1314 1702 
1316 2497 
1318 1559 
1322 2188 
1322 1943 
1322 1563 
1323 2433 
1323 2215 
1323 2162 
1323 2005 
1323 1785 
1324 2035 
1325 2481 
1327 1481 
1328 1843 
1330 1724 
1331 2024 
1332 2303 
1336 1803 
1337 2241 
1338 2310 
1339 1592 
1339 2006 
1340 2431 
1342 1408 
1342 1824 
1343 1372 
1344 1459 
1344 1768 
1345 2074 
1346 2297 
1348 2330 
1350 1666 
1350 1382 
1350 1650 
1350 1685 
1351 1809 
1352 1819 
1352 2166 
1353 1773 
1353 2068 
1354 1709 
1354 1397 
1354 2121 
1354 1883 
1354 2398 
1356 2227 
1359 1494 
1362 2449 
1362 1451 
1366 2114 
1366 1383 
1366 2370 
1366 1718 
1366 2168 
1367 1498 
1367 2203 
1368 2264 
1368 1657 
1369 2155 
1369 1955 
1370 1537 
1370 2445 
1370 1577 
1370 2413 
1370 1903 
1370 2200 
1373 1380 
1374 1652 
1377 2233 
1379 2253 
1380 1463 
1380 2436 
1381 1968 
1381 1975 
1382 1742 
1382 2446 
1385 2211 
1385 2469 
1386 1876 
1389 1508 
1389 1640 
1389 2201 
1391 2080 
1391 1940 
1391 2493 
1392 2209 
1392 1767 
1392 1833 
1393 1440 
1393 2243 
1393 2372 
1393 2161 
1393 1553 
1393 2195 
1393 1847 
1393 2494 
1394 1553 
1395 2477 
1396 2079 
1398 2268 
1400 1956 
1403 1843 
1404 2345 
1405 1460 
1405 1869 
1407 1938 
1408 2155 
1408 1623 
1409 2107 
1411 1644 
1413 1610 
1413 1878 
1414 2383 
1414 2279 
1419 1909 
1419 1687 
1420 1441 
1420 2233 
1421 2192 
1421 1476 
1422 2340 
1422 2055 
1422 1804 
1422 2316 
1425 2127 
1426 2267 
1427 1897 
1428 1476 
1428 2334 
1429 1770 
1431 1710 
1432 1441 
1436 1802 
1436 1518 
1437 2387 
1437 2234 
1438 1960 
1439 2455 
1440 1551 
1440 2476 
1442 2310 
1442 2023 
1442 2327 
1442 1947 
1443 2050 
1444 2175 
1450 1612 
1450 2269 
1452 1993 
1452 1864 
1452 2297 
1454 1706 
1454 2256 
1457 1846 
1458 1548 
1461 2052 
1462 1869 
1463 1509 
1463 1997 
1463 1848 
1464 1704 
1464 1771 
1464 2173 
1464 2271 
1465 1757 
1467 1486 
1469 2201 
1469 2253 
1470 2087 
1471 2288 
1471 2490 
1473 1494 
1473 2022 
1475 2380 
1478 2321 
1478 2011 
1482 1772 
1482 2405 
1484 2135 
1484 1549 
1486 2191 
1486 2293 
1489 2363 
1490 1524 
1491 1874 
1493 1875 
1498 1717 
1498 2092 
1499 2399 
1500 2245 
1506 1810 
1506 1967 
1508 1965 
1511 2023 
1511 2026 
1511 1874 
1512 1784 
1514 1924 
1517 1723 
1518 2484 
1518 1979 
1518 2366 
1520 1816 
1520 2491 
1525 1805 
1525 2327 
1528 1927 
1530 1977 
1532 2085 
1536 1566 
1537 2431 
1538 1562 
1538 1908 
1539 2190 
1540 1978 
1543 2404 
1543 2232 
1543 1821 
1543 1663 
1545 1824 
1545 1705 
1545 2476 
1545 2418 
1546 1663 
1548 2030 
1548 1647 
1548 2160 
1549 1578 
1549 1810 
1550 1860 
1552 1664 
1552 1962 
1554 1755 
1554 1749 
1555 1665 
1555 1587 
1556 2258 
1557 2326 
1558 1932 
1558 1566 
1562 2449 
1562 1848 
1562 1850 
1562 2333 
1564 1578 
1569 2252 
1569 2157 
1571 2203 
1571 2285 
1571 2287 
1576 2038 
1576 1599 
1577 2116 
1577 1743 
1578 1658 
1579 1776 
1587 1765 
1588 2486 
1589 2083 
1592 1926 
1593 1808 
1593 2174 
1594 2453 
1595 2257 
1599 1954 
1604 2032 
1605 2261 
1606 1758 
1607 1775 
1607 1684 
1607 1759 
1609 1926 
1609 2061 
1609 1711 
1609 1713 
1610 1670 
1611 2028 
1612 2032 
1615 2336 
1618 1990 
1618 2001 
1618 1714 
1619 2256 
1619 2180 
1620 2432 
1621 1829 
1621 1944 
1621 2206 
1624 2003 
1624 2027 
1625 2065 
1626 1921 
1627 1828 
1627 1841 
1627 1693 
1629 1636 
1630 2048 
1630 2072 
1637 2298 
1638 2170 
1639 1954 
1639 2041 
1642 2377 
1643 2108 
1643 1715 
1644 1945 
1644 2237 
1646 2114 
1647 2109 
1648 1762 
1648 1667 
1648 1700 
1648 1680 
1648 2421 
1650 2200 
1651 1883 
1652 1779 
1652 2283 
1653 1860 
1653 2205 
1654 1877 
1655 2361 
1656 2491 
1659 2000 
1660 2022 
1662 2117 
1664 2434 
1664 2088 
1664 2012 
1664 2463 
1667 1939 
1668 1690 
1668 2065 
1671 1907 
1672 2389 
1673 1816 
1674 1923 
1675 2219 
1679 2040 
1679 2469 
1681 2275 
1681 1742 
1683 2458 
1687 1735 
1690 1952 
1691 1778 
1692 2450 
1694 1763 
1694 2291 
1694 2391 
1701 1837 
1706 2215 
1709 2452 
1710 2071 
1711 2258 
1712 1997 
1714 1918 
1714 1983 
1721 2217 
1723 1766 
1723 2451 
1723 2038 
1723 2039 
1726 1841 
1731 2363 
1733 2267 
1733 2351 
1734 1760 
1735 2098 
1736 2090 
1736 1924 
1737 2385 
1737 1971 
1740 2118 
1749 2085 
1751 2427 
1754 1937 
1757 2201 
1758 2419 
1758 2485 
1759 2112 
1760 2347 
1762 1769 
1763 1872 
1764 2496 
1764 1805 
1765 2143 
1767 2079 
1768 2466 
1771 2375 
1773 2210 
1773 2062 
1775 2199 
1775 2011 
1778 2478 
1781 1814 
1783 1830 
1783 2170 
1783 2142 
1785 1978 
1785 2277 
1787 1831 
1788 2467 
1788 2346 
1788 1970 
1789 2225 
1790 2099 
1792 2117 
1792 2054 
1792 1808 
1796 2408 
1799 2437 
1800 2009 
1800 2300 
1802 2259 
1803 2091 
1804 2342 
1805 2043 
1805 1847 
1805 2075 
1815 1900 
1817 1910 
1819 1916 
1821 2182 
1824 1934 
1824 2290 
1827 2305 
1827 2013 
1831 2274 
1834 1989 
1837 1942 
1839 2110 
1840 2308 
1842 1867 
1846 2173 
1853 1873 
1854 2397 
1857 1916 
1858 2384 
1859 2185 
1859 2296 
1859 1988 
1865 1894 
1865 2154 
1865 1906 
1865 2207 
1866 1953 
1868 2314 
1871 2459 
1875 2044 
1877 2107 
1877 2167 
1888 2176 
1888 2120 
1888 2460 
1890 2000 
1890 2280 
1894 1927 
1897 2370 
1898 2040 
1906 2328 
1906 2289 
1915 2440 
1916 2333 
1919 2322 
1920 2146 
1923 2454 
1927 2308 
1927 2452 
1929 2034 
1929 2076 
1930 1977 
1930 1941 
1930 2359 
1935 2374 
1940 2351 
1946 1981 
1948 2300 
1948 2213 
1949 2467 
1950 2360 
1952 2247 
1954 2496 
1959 2482 
1964 1976 
1968 2137 
1974 2244 
1974 2190 
1975 2358 
1976 2057 
1977 2073 
1977 2430 
1989 2357 
1991 2090 
1992 2212 
1995 2146 
1997 2001 
1999 2428 
2002 2156 
2008 2471 
2009 2116 
2010 2112 
2011 2320 
2024 2313 
2025 2373 
2029 2473 
2030 2491 
2032 2377 
2035 2093 
2037 2407 
2038 2427 
2039 2173 
2045 2405 
2049 2218 
2049 2475 
2049 2128 
2049 2071 
2049 2328 
2049 2484 
2054 2297 
2062 2123 
2062 2189 
2076 2266 
2089 2355 
2091 2221 
2091 2197 
2095 2275 
2099 2495 
2101 2225 
2106 2321 
2112 2129 
2119 2125 
2119 2327 
2125 2177 
2135 2169 
2144 2264 
2144 2420 
2145 2462 
2159 2352 
2161 2369 
2164 2320 
2168 2188 
2169 2326 
2170 2411 
2175 2428 
2184 2477 
2195 2411 
2209 2251 
2213 2289 
2213 2251 
2228 2291 
2230 2337 
2233 2302 
2247 2391 
2263 2304 
2297 2317 
2321 2328 
2321 2414 
2323 2448 
2332 2379 
2332 2454 
2353 2388 
2354 2470 
2362 2409 
2365 2395 
2368 2498 
2391 2415 
2398 2490 
2399 2494 
2409 2495 
2412 2479 
