0 1
0 2
0 3

1 0
1 4
1 5
1 6
1 7
1 8

2 0
2 9
2 10
2 11
2 12

3 0
3 13
3 14

4 15
4 16
4 1
4 17
4 18
4 19
4 20
4 21
4 22

5 23
5 24
5 25
5 26
5 27
5 1
5 28
5 29
5 30
5 31
5 32

6 33
6 34
6 1
6 35
6 36

7 37
7 38
7 39
7 40
7 1
7 41
7 42
7 43
7 44

8 45
8 29
8 46
8 47
8 1

9 2
9 48
9 49
9 50

10 51
10 2
10 52

11 2
11 53

12 2

13 50
13 54
13 55
13 56
13 3

14 57
14 58
14 59
14 60
14 61
14 3
14 62
14 63
14 64

15 65
15 66
15 4
15 67

16 4
16 68
16 69
16 70
16 71
16 72
16 73

17 74
17 75
17 4
17 76
17 77

18 65
18 4
18 78
18 79
18 80

19 81
19 82
19 4
19 83
19 84
19 85
19 86
19 87
19 88
19 89
19 90
19 91
19 92
19 93
19 94
19 95
19 96

20 97
20 4
20 98
20 99
20 100
20 101
20 102
20 103
20 104
20 105
20 106
20 107
20 108

21 4
21 109
21 110
21 111
21 112

22 65
22 66
22 67
22 113
22 4

23 5
23 114

24 5
24 115

25 116
25 5
25 117
25 85
25 118
25 119
25 120
25 121

26 5

27 5

28 5

29 8
29 5
29 122
29 123
29 124

30 125
30 5
30 126
30 85
30 127
30 128
30 129

31 5
31 130
31 131
31 132
31 133
31 134
31 135
31 136

32 137
32 138
32 5

33 6
33 139
33 140
33 141
33 142
33 143
33 144

34 6
34 145
34 146
34 147
34 148

35 149
35 150
35 6
35 151
35 152
35 153
35 154

36 116
36 6
36 155
36 156
36 157
36 158
36 159
36 160
36 161
36 162
36 163

37 7
37 149
37 164
37 114
37 165
37 166
37 167

38 168
38 7
38 169
38 170
38 171

39 172
39 7
39 173
39 174

40 7

41 7
41 83
41 122
41 114
41 168
41 175
41 149
41 176
41 177
41 164
41 165
41 178
41 179
41 180
41 181

42 182
42 7
42 183

43 7
43 184
43 185
43 186
43 187
43 188
43 189
43 190

44 7
44 191
44 192

45 8
45 193
45 171
45 194
45 195
45 196
45 197

46 8
46 198
46 199
46 200

47 123
47 8
47 201

48 9
48 202
48 185
48 203
48 204

49 205
49 9
49 206
49 207
49 208
49 209
49 210
49 211
49 212
49 213

50 13
50 214
50 123
50 9
50 215
50 216

51 10
51 217
51 218
51 219
51 220
51 221
51 222
51 223
51 224
51 225
51 226
51 227
51 228
51 229
51 230
51 198
51 231
51 232
51 233
51 234

52 235
52 10
52 236
52 237
52 238
52 239
52 240

53 241
53 145
53 130
53 11
53 242

54 243
54 13
54 244
54 245
54 246
54 247

55 248
55 13
55 249
55 117
55 250
55 88
55 251

56 13
56 252
56 141
56 253
56 193
56 177
56 254

57 14
57 255

58 14

59 14
59 256
59 257
59 258
59 259

60 14

61 260
61 14
61 79

62 261
62 262
62 14
62 263
62 264
62 265
62 266
62 267
62 268

63 269
63 14
63 270
63 208
63 271
63 272
63 273
63 274
63 275
63 276
63 277
63 278
63 279
63 280
63 281
63 282
63 283
63 284
63 285
63 286
63 287
63 288
63 289
63 290
63 291
63 292
63 293

64 14
64 294
64 295
64 296
64 297
64 298
64 299
64 300
64 301
64 302
64 303
64 304
64 305
64 306
64 307
64 308
64 309
64 310

65 15
65 22
65 18
65 311

66 15
66 22

67 15
67 22

68 16
68 312

69 313
69 16
69 314
69 315

70 16

71 16

72 16

73 316
73 317
73 16

74 311
74 17
74 318
74 319
74 320
74 321

75 322
75 17
75 311

76 323
76 17

77 17

78 324
78 325
78 326
78 327
78 18

79 328
79 329
79 330
79 61
79 331
79 18
79 332
79 333

80 18

81 19
81 334
81 335

82 336
82 337
82 19

83 338
83 19
83 41

84 339
84 19

85 25
85 340
85 19
85 30

86 341
86 342
86 19
86 343
86 344
86 345

87 341
87 19
87 346

88 55
88 347
88 19
88 348
88 334

89 349
89 19

90 350
90 351
90 352
90 317
90 19
90 353

91 354
91 19

92 19
92 334

93 19

94 19

95 19

96 19

97 355
97 356
97 20

98 357
98 358
98 359
98 20

99 360
99 361
99 362
99 363
99 364
99 20

100 365
100 366
100 367
100 368
100 327
100 20

101 369
101 331
101 20

102 358
102 370
102 371
102 20
102 372

103 373
103 20

104 356
104 20
104 374
104 375
104 376
104 377

105 20

106 20

107 20

108 20

109 378
109 379
109 21
109 380

110 21

111 21

112 21

113 22

114 381
114 382
114 23
114 37
114 383
114 384
114 41
114 385

115 386
115 387
115 24
115 337
115 317

116 25
116 388
116 389
116 390
116 36
116 391
116 392
116 393
116 394

117 395
117 55
117 25
117 396
117 397

118 25
118 330
118 398

119 25

120 25

121 25

122 383
122 399
122 400
122 29
122 394
122 41

123 47
123 50
123 401
123 29

124 402
124 29
124 403
124 404

125 30
125 402
125 405
125 401
125 360
125 330
125 385

126 312
126 30

127 406
127 407
127 408
127 30
127 336

128 30

129 409
129 410
129 30

130 53
130 382
130 31

131 411
131 412
131 413
131 31

132 414
132 415
132 416
132 31

133 31

134 31

135 405
135 394
135 31

136 31

137 32

138 32

139 33
139 417
139 418

140 33

141 419
141 420
141 56
141 421
141 33
141 385

142 422
142 33
142 394
142 423

143 424
143 425
143 33
143 426
143 366
143 427

144 33

145 428
145 429
145 430
145 53
145 34
145 431

146 34

147 34
147 314

148 432
148 433
148 412
148 34

149 35
149 376
149 37
149 401
149 382
149 41
149 415

150 434
150 35

151 435
151 436
151 437
151 419
151 438
151 439
151 440
151 441
151 35
151 442

152 381
152 35

153 335
153 418
153 35
153 334

154 35

155 36

156 36

157 36

158 36

159 36
159 443

160 36

161 36

162 36

163 36

164 444
164 37
164 41
164 445

165 37
165 41
165 316

166 408
166 403
166 446
166 37
166 371
166 447
166 448

167 37

168 449
168 38
168 450
168 422
168 383
168 41
168 385
168 451

169 38
169 421
169 451

170 452
170 453
170 38
170 454
170 455

171 456
171 38
171 457
171 45
171 458
171 459
171 460
171 461
171 344
171 462
171 337
171 385

172 39
172 456

173 39
173 447

174 39

175 383
175 463
175 464
175 393
175 41

176 456
176 41

177 465
177 56
177 41

178 41

179 41

180 41

181 41

182 42
182 466

183 392
183 42

184 325
184 467
184 43

185 468
185 463
185 48
185 469
185 320
185 470
185 43

186 471
186 43

187 43

188 43

189 43

190 43

191 472
191 383
191 473
191 474
191 340
191 44

192 388
192 44

193 45
193 475
193 476
193 472
193 56
193 385

194 45

195 45

196 45

197 45

198 46
198 477
198 478
198 51

199 479
199 46
199 480
199 481
199 482
199 483
199 484

200 46

201 47

202 485
202 48
202 356
202 398

203 48

204 48
204 486

205 49
205 487
205 463
205 488

206 457
206 489
206 49

207 49
207 490
207 394

208 491
208 366
208 49
208 63

209 49
209 492

210 433
210 49
210 493
210 316
210 317
210 494
210 495

211 49

212 366
212 49

213 436
213 496
213 497
213 498
213 499
213 428
213 49

214 50

215 327
215 500
215 50
215 501
215 502

216 50

217 503
217 51
217 504
217 393

218 51

219 505
219 506
219 311
219 394
219 51
219 507
219 508

220 51
220 509

221 510
221 511
221 403
221 51

222 512
222 337
222 477
222 487
222 51

223 463
223 513
223 51

224 514
224 311
224 51
224 372

225 515
225 311
225 51
225 516

226 323
226 311
226 393
226 51
226 517

227 503
227 477
227 51

228 477
228 51

229 477
229 51

230 477
230 51
230 518

231 519
231 393
231 51
231 520

232 503
232 393
232 471
232 521
232 51

233 418
233 478
233 51
233 522

234 51

235 52
235 426
235 393
235 507

236 426
236 52

237 52

238 52

239 52

240 52

241 53
241 523

242 53
242 524

243 54

244 54

245 54

246 54

247 54

248 55
248 462
248 525
248 526

249 484
249 417
249 55
249 527

250 55
250 408
250 470

251 55
251 474

252 528
252 56

253 399
253 456
253 473
253 56
253 371

254 506
254 56

255 57
255 331

256 59
256 529
256 530

257 59
257 530
257 531
257 372
257 532

258 59

259 59
259 397

260 61
260 533
260 534
260 456
260 457
260 382

261 62

262 62

263 62

264 62

265 62

266 62

267 62

268 62

269 63

270 535
270 490
270 536
270 63

271 63
271 317

272 384
272 63

273 537
273 63

274 63

275 63

276 63

277 63

278 63

279 63

280 63

281 63

282 63

283 63

284 63

285 63
285 538

286 63

287 63

288 63

289 63

290 63

291 63

292 63

293 63

294 64

295 64

296 64

297 64

298 64

299 64
299 539

300 64

301 64

302 64

303 64

304 64

305 64

306 64

307 64

308 64

309 64

310 64

311 74
311 540
311 219
311 224
311 541
311 542
311 65
311 75
311 225
311 543
311 544
311 226
311 545
311 546
311 547

312 548
312 126
312 68

313 69
313 549
313 550
313 551
313 552
313 553
313 554

314 555
314 556
314 557
314 147
314 69
314 558

315 69
315 559
315 560
315 561
315 562

316 73
316 210
316 563
316 564
316 565
316 566
316 165

317 567
317 73
317 568
317 569
317 210
317 271
317 570
317 571
317 90
317 572
317 573
317 574
317 575
317 576
317 577
317 578
317 579
317 580
317 581
317 582
317 583
317 584
317 585
317 586
317 587
317 588
317 589
317 115

318 590
318 563
318 74
318 591
318 592
318 593
318 594
318 595
318 596
318 597
318 598

319 564
319 599
319 74
319 600
319 601

320 602
320 185
320 74
320 603
320 604

321 74

322 75
322 605
322 606
322 607

323 226
323 76
323 608

324 609
324 78
324 610
324 611
324 612

325 78
325 613
325 184
325 614
325 615

326 616
326 617
326 78
326 618

327 215
327 619
327 611
327 78
327 620
327 100

328 79
328 621
328 622
328 623
328 624
328 625

329 79
329 626
329 627
329 628
329 629

330 630
330 79
330 125
330 631
330 118
330 632
330 633

331 255
331 79
331 101

332 79
332 634
332 635
332 636

333 79
333 637
333 638
333 639
333 615
333 640
333 641

334 81
334 88
334 153
334 92
334 560
334 642
334 643
334 644
334 645

335 81
335 153

336 82
336 646
336 647
336 127
336 648
336 649
336 650
336 651
336 652
336 653
336 654
336 655
336 656
336 657
336 658
336 659

337 82
337 222
337 171
337 593
337 115
337 660
337 661

338 83
338 662

339 663
339 664
339 665
339 666
339 667
339 84

340 191
340 85
340 668
340 669
340 670
340 601
340 671
340 672
340 673
340 674
340 675
340 676

341 86
341 87
341 677
341 678
341 679
341 680

342 681
342 86
342 682
342 683
342 684
342 685
342 686
342 687
342 688
342 689
342 560
342 690
342 691
342 692
342 693
342 694

343 86

344 171
344 86
344 695
344 696
344 558
344 697
344 698
344 699

345 700
345 701
345 702
345 86

346 703
346 704
346 705
346 706
346 707
346 708
346 709
346 710
346 711
346 87
346 712

347 88
347 713
347 714
347 715
347 716

348 717
348 647
348 718
348 88
348 719
348 720
348 721
348 722

349 89
349 723
349 724
349 725

350 90
350 726
350 727
350 728
350 729
350 730
350 731
350 732
350 733
350 734

351 90
351 735
351 736

352 737
352 738
352 739
352 90
352 710

353 90
353 740
353 741
353 742
353 743
353 744
353 745

354 91
354 746
354 747
354 748
354 749
354 750
354 751
354 752

355 97
355 753
355 754
355 755
355 756
355 757
355 758
355 759
355 760

356 97
356 761
356 762
356 202
356 104
356 763

357 98
357 764

358 102
358 765
358 98
358 766
358 767
358 768
358 769
358 770
358 771
358 772
358 773
358 774
358 775

359 766
359 98
359 772
359 776
359 777
359 778
359 779
359 780
359 781

360 99
360 125
360 782
360 783
360 784
360 785
360 786
360 787

361 99
361 788
361 789
361 790
361 791

362 792
362 99
362 793
362 794
362 795
362 796
362 797
362 798
362 799
362 800

363 99
363 801
363 802
363 803
363 804
363 805

364 99

365 100
365 590
365 696
365 806
365 807
365 808
365 809
365 810

366 100
366 811
366 772
366 208
366 212
366 812
366 813
366 556
366 143
366 685
366 814
366 815
366 816
366 817
366 818
366 819

367 100
367 820
367 821
367 822
367 627
367 766

368 100
368 590
368 696
368 823
368 824
368 806
368 807
368 808
368 809

369 101
369 825
369 826
369 827
369 828

370 102
370 829
370 830
370 831
370 832

371 253
371 102
371 833
371 166

372 834
372 835
372 257
372 102
372 634
372 631
372 836
372 224
372 837
372 838
372 839
372 840
372 841
372 842
372 843
372 844
372 845
372 846

373 847
373 848
373 103
373 849
373 850
373 851
373 852
373 853
373 854

374 855
374 856
374 857
374 858
374 859
374 684
374 860
374 861
374 862
374 104
374 863
374 864
374 865
374 866
374 867
374 868
374 869
374 870
374 871
374 872
374 873
374 874
374 875
374 876
374 877
374 878
374 879
374 880

375 833
375 881
375 882
375 104
375 883
375 884
375 885
375 886

376 149
376 887
376 888
376 889
376 104

377 789
377 685
377 890
377 891
377 892
377 893
377 894
377 895
377 896
377 897
377 898
377 899
377 900
377 901
377 902
377 903
377 904
377 905
377 906
377 907
377 908
377 909
377 910
377 911
377 912
377 913
377 914
377 915
377 916
377 917
377 918
377 104
377 919

378 735
378 920
378 921
378 922
378 923
378 109
378 924
378 925
378 926
378 927
378 928
378 929
378 930

379 931
379 109
379 932
379 933
379 934

380 570
380 109
380 935

381 114
381 936
381 937
381 152
381 938
381 939

382 114
382 130
382 260
382 940
382 149
382 941
382 942

383 175
383 191
383 122
383 114
383 168

384 114
384 686
384 943
384 272

385 114
385 168
385 141
385 125
385 171
385 193

386 115

387 115

388 116
388 944
388 729
388 569
388 192
388 945
388 946

389 116
389 616
389 947
389 572
389 948
389 949

390 116
390 950
390 951
390 952
390 953
390 954

391 955
391 116
391 555
391 814
391 956

392 631
392 183
392 116
392 957
392 958

393 959
393 960
393 961
393 962
393 175
393 116
393 235
393 963
393 226
393 217
393 964
393 965
393 966
393 829
393 231
393 967
393 232
393 968

394 122
394 540
394 219
394 969
394 116
394 762
394 207
394 142
394 135
394 970
394 971
394 972
394 973
394 974
394 975

395 117
395 948
395 976
395 977
395 978
395 979
395 980

396 981
396 117

397 982
397 609
397 969
397 117
397 259
397 983
397 984
397 985
397 986
397 987
397 988
397 989
397 990

398 118
398 202
398 991
398 992
398 993

399 253
399 122
399 962
399 994

400 969
400 995
400 122
400 590
400 996
400 997

401 123
401 125
401 149
401 857

402 125
402 998
402 124

403 166
403 221
403 124
403 999

404 1000
404 1001
404 124
404 695
404 1002

405 135
405 940
405 125
405 696
405 787
405 600
405 1003
405 1004
405 1005
405 1006

406 127
406 1007
406 1008

407 127
407 1009
407 999
407 1010
407 1011
407 1012
407 1013
407 1014
407 1015
407 1016
407 1017
407 1018
407 1019
407 1020
407 1021
407 1022
407 1023
407 1024
407 1025
407 1026

408 166
408 250
408 127
408 1027

409 129

410 1028
410 857
410 129

411 131
411 1029
411 1030
411 1031
411 1032
411 1033
411 1034
411 1035
411 1036
411 1037

412 131
412 629
412 1038
412 1039
412 148

413 131

414 132
414 1040
414 1041
414 1042
414 670
414 1043
414 1044
414 719
414 1045
414 1046
414 1047

415 132
415 149
415 943

416 132
416 1048
416 1049
416 1050
416 1051

417 1052
417 969
417 568
417 249
417 1053
417 1054
417 1055
417 1056
417 139

418 1057
418 1058
418 139
418 940
418 626
418 1059
418 1060
418 1061
418 1062
418 996
418 829
418 681
418 1063
418 1064
418 672
418 153
418 1065
418 1066
418 1067
418 1068
418 1069
418 1070
418 1071
418 931
418 1072
418 1073
418 1074
418 1075
418 1076
418 1077
418 1078
418 1079
418 1080
418 1081
418 1082
418 1083
418 1084
418 1085
418 1086
418 1087
418 1088
418 233
418 1089
418 1090
418 1091
418 1092
418 1093
418 1094
418 1095
418 1096
418 1097
418 648
418 1098
418 1099
418 1100
418 1101
418 1102
418 1103
418 1104
418 1105
418 688
418 1106
418 1107
418 1108
418 1109
418 1110
418 1111
418 1112
418 1113
418 1114
418 1115
418 1116
418 1117
418 1118
418 1119

419 141
419 1120
419 1121
419 151
419 969
419 1122
419 1123
419 1124

420 141
420 1125
420 1126
420 1127
420 1128
420 1129
420 1130
420 1131

421 169
421 1132
421 1133
421 141
421 957
421 1134
421 1135
421 647
421 718
421 1136
421 1137
421 1138
421 1139
421 1140
421 1141
421 1142
421 1143
421 1144
421 1145
421 1146
421 1147
421 1148
421 1149
421 1150
421 1151
421 1152
421 1153
421 1154
421 1155
421 1156
421 1157
421 1158
421 1159
421 1160
421 1161
421 1162
421 1163

422 568
422 168
422 1164
422 662
422 142
422 1165
422 1166
422 1167
422 1168
422 1169
422 1170
422 1171
422 1172

423 1173
423 1174
423 142

424 143
424 1175
424 1176
424 1177

425 143
425 1178
425 1179
425 1180
425 1181
425 1182
425 1183
425 1184
425 1185
425 1186
425 1187
425 1188

426 556
426 1120
426 1189
426 1180
426 1190
426 1191
426 799
426 590
426 1192
426 1009
426 1193
426 783
426 1194
426 1195
426 1196
426 236
426 1197
426 1198
426 143
426 1199
426 1200
426 1201
426 1202
426 1203
426 833
426 1204
426 1205
426 1206
426 1207
426 785
426 1208
426 1209
426 1210
426 1211
426 1212
426 1213
426 235
426 1214
426 1215
426 1216
426 1217
426 1218
426 1219

427 617
427 143
427 639
427 1220

428 145
428 213
428 599

429 145
429 1221
429 1222
429 1223
429 1224
429 1225

430 145
430 946
430 681
430 1226
430 1227
430 1228

431 145

432 148
432 1229
432 1230

433 210
433 148
433 1231
433 1232
433 1233
433 1234
433 1235
433 1236

434 1052
434 150
434 1237
434 1093

435 151
435 1238
435 706
435 1239

436 213
436 151
436 1240
436 1135
436 1062
436 1241

437 1242
437 1243
437 151
437 1244
437 1245
437 1136
437 737
437 1246
437 1247
437 1248

438 969
438 151
438 590
438 997
438 995
438 996
438 1238
438 706
438 1239

439 811
439 1189
439 151
439 1249
439 591
439 1250
439 1251
439 1252
439 1253
439 599
439 1254

440 151
440 1255
440 738
440 1256
440 543

441 639
441 151
441 662
441 1257

442 1120
442 151
442 600
442 1258

443 1259
443 159
443 1260
443 1261
443 1262
443 1263

444 1264
444 164
444 994
444 1265
444 1266
444 637
444 762

445 1267
445 164
445 1268
445 1269
445 1270
445 1271
445 1272
445 1273
445 1274
445 1275
445 1276

446 857
446 1277
446 1278
446 938
446 629
446 1211
446 166
446 1279

447 1280
447 173
447 166
447 1281
447 1282
447 1283
447 1284
447 1285
447 1286
447 1287
447 1288
447 1289
447 1290

448 1291
448 994
448 166
448 1292
448 1293
448 1294
448 1294
448 1295

449 168
449 1296
449 940
449 855
449 998

450 568
450 168
450 1164
450 1166
450 1172

451 1297
451 169
451 168
451 1298
451 1299

452 170
452 1229

453 170
453 1300
453 1297

454 1301
454 170
454 855

455 170
455 961
455 1297
455 834
455 1004

456 171
456 176
456 260
456 253
456 631
456 172

457 1302
457 260
457 171
457 206

458 1280
458 171

459 1303
459 171
459 1304
459 1305
459 563
459 1306

460 171
460 1307
460 1308
460 1309

461 586
461 171
461 1310
461 1311
461 1312
461 1313
461 1314
461 1315
461 1316
461 1317
461 1318

462 248
462 171
462 1319
462 1320
462 1321

463 175
463 205
463 1322
463 590
463 812
463 1323
463 1324
463 1325
463 813
463 556
463 1199
463 1200
463 1208
463 1326
463 685
463 1327
463 1328
463 1329
463 1330
463 723
463 1331
463 1332
463 814
463 185
463 1268
463 1333
463 1334
463 1335
463 1336
463 816
463 1337
463 1338
463 223
463 1339
463 1340
463 1341
463 1342
463 1343
463 697
463 546
463 819
463 1344
463 1345
463 1346
463 1347

464 175
464 1348
464 1097
464 1349
464 1350
464 1351
464 1352
464 1353
464 1354
464 1355
464 1356
464 1357
464 1358

465 177
465 1359
465 761
465 1360
465 1361
465 1362
465 1164

466 1280
466 1052
466 182

467 1363
467 1364
467 762
467 1365
467 184
467 1366

468 185
468 1367
468 1368
468 1369
468 1370
468 1371

469 1059
469 185
469 1372
469 553
469 931

470 548
470 1120
470 1132
470 250
470 185
470 1373

471 1374
471 186
471 737
471 1375
471 999
471 232
471 1376
471 1377
471 1378
471 1379

472 191
472 193
472 1380
472 1381
472 1382
472 1310
472 1383
472 1384
472 565
472 1385

473 1052
473 1386
473 191
473 253
473 1387
473 1388
473 1389

474 1390
474 191
474 251

475 193
475 1391
475 1392
475 1393
475 1394

476 193
476 1395
476 1396
476 1397
476 1398

477 1399
477 1120
477 1400
477 222
477 1401
477 754
477 227
477 228
477 1402
477 229
477 1403
477 230
477 1404
477 1405
477 198

478 198
478 1406
478 233
478 1355
478 1407
478 1408
478 1409
478 1410
478 1411
478 1412
478 1413
478 1414
478 1415
478 1416
478 1417
478 1418
478 1419

479 1420
479 1421
479 937
479 981
479 1422
479 1400
479 1423
479 962
479 646
479 199
479 1424
479 1001
479 1133
479 1425
479 1426
479 1427

480 1428
480 703
480 199
480 1429
480 1430
480 1431
480 1432
480 1433

481 682
481 199
481 1434
481 1435
481 1436
481 1437
481 1438
481 1439
481 1440
481 1441
481 1442
481 1443
481 1444

482 570
482 199
482 1445
482 1446
482 1447
482 1448
482 1449
482 1450
482 1451
482 1452
482 1453
482 1454

483 1455
483 199
483 601
483 1456
483 1457
483 1458
483 1459

484 249
484 1444
484 199
484 1063
484 731
484 1460
484 1461
484 1462

485 202
485 1463
485 1464
485 1465

486 1466
486 544
486 807
486 1402
486 1040
486 740
486 204

487 205
487 1467
487 1468
487 222
487 1061
487 1469

488 205
488 775
488 1470
488 831
488 1471

489 821
489 206
489 1190

490 270
490 207
490 1472
490 1102
490 847
490 848
490 1473
490 1474
490 1475
490 1476
490 1477
490 1478
490 1479

491 208
491 1480
491 1481
491 741

492 1280
492 919
492 209

493 770
493 210
493 1482
493 1160
493 1483
493 1484

494 210
494 1485
494 1486

495 834
495 1487
495 1301
495 1133
495 1488
495 1489
495 1490
495 210
495 589

496 213
496 1491
496 1492
496 1493
496 1494
496 1495
496 1496
496 1497

497 213
497 1498
497 1499
497 1500
497 1501

498 213
498 1502
498 1503
498 1504
498 1505
498 1506
498 1507

499 1301
499 1508
499 213
499 1509
499 1510
499 630
499 1511
499 1512

500 215
500 1513
500 639
500 1514
500 1515
500 1470
500 1516
500 1517

501 940
501 215
501 1518
501 1519
501 1520

502 1521
502 1522
502 1523
502 1524
502 215

503 217
503 543
503 790
503 1514
503 227
503 232
503 1525
503 1526

504 794
504 1527
504 217
504 1528

505 219
505 1529
505 1530

506 254
506 881
506 219
506 1531
506 639
506 1532
506 1533
506 1319
506 1534
506 999

507 1278
507 1535
507 219
507 772
507 1178
507 1207
507 235
507 1536
507 1537
507 1538
507 1539
507 1540
507 1541
507 1542
507 1543
507 1544
507 1545
507 1546
507 1547

508 219
508 829
508 1548
508 1549

509 220
509 1550

510 221

511 821
511 221
511 1551
511 1359

512 222
512 761
512 1429

513 1552
513 1553
513 223
513 1554
513 1555
513 1556
513 1557
513 1558
513 1559
513 1560

514 224
514 1561

515 225
515 1562
515 1563

516 831
516 945
516 225
516 1379
516 1564

517 662
517 226
517 1565
517 1566
517 1567

518 1568
518 230
518 1569
518 1570
518 1571

519 231
519 1572
519 1573
519 1574

520 646
520 1397
520 231
520 1575
520 1576
520 1577
520 1578
520 1579
520 1580
520 1581

521 1582
521 232
521 1583
521 1584
521 1585
521 1586

522 1587
522 233
522 978
522 1588
522 1589
522 1590
522 1591
522 1592
522 1593
522 1594

523 241
523 1595
523 1596
523 1597

524 242

525 248
525 1598
525 1599
525 1600
525 1601
525 1602
525 1603
525 1604

526 1605
526 1606
526 1607
526 1608
526 1609
526 1610
526 1611
526 1612
526 1613
526 1614
526 1615
526 1616
526 1617
526 1618
526 248

527 1619
527 1620
527 249
527 1621
527 1622

528 252
528 1551
528 1211
528 1623
528 1624
528 1625

529 1626
529 256
529 1266
529 1627
529 1628
529 1629
529 1630
529 1244
529 1631
529 1632
529 1633

530 1634
530 257
530 591
530 256
530 811
530 1635

531 1300
531 257
531 1393
531 1636

532 257

533 260
533 1637
533 1638
533 1639
533 1640
533 1641
533 1642
533 1643
533 1644
533 1645
533 1646
533 1647

534 1648
534 1649
534 260

535 270
535 1650
535 1651

536 270
536 1652
536 1653
536 1654
536 1655

537 273
537 1656
537 1657
537 1658
537 1659
537 1660
537 1661
537 1662
537 1663
537 1664
537 1665

538 1666
538 285
538 1667
538 1668
538 1669
538 1670
538 1671
538 1672

539 1673
539 1246
539 849
539 984
539 1674
539 299
539 1675
539 1676
539 1677

540 1678
540 311
540 1679
540 394
540 1680

541 1681
541 311

542 1682
542 311

543 1683
543 440
543 503
543 311

544 1684
544 1685
544 311
544 486

545 1686
545 311

546 1687
546 1688
546 463
546 311

547 1689
547 311
547 1690

548 312
548 470

549 313

550 313

551 313

552 313

553 313
553 469

554 313

555 1691
555 1692
555 314
555 391
555 1693
555 1694

556 426
556 1695
556 463
556 1696
556 366
556 314

557 314

558 1697
558 1698
558 1699
558 314
558 344
558 1700
558 1701

559 315

560 315
560 334
560 1702
560 342

561 315

562 315

563 318
563 459
563 316

564 1699
564 319
564 316

565 316
565 1703
565 472

566 316

567 317
567 1704

568 450
568 422
568 417
568 317

569 388
569 317

570 482
570 380
570 1705
570 317
570 1706
570 1707
570 1708

571 317

572 389
572 317

573 317

574 317

575 317

576 317
576 1709

577 317

578 317

579 317

580 317

581 317

582 317
582 1710

583 317

584 317

585 317

586 461
586 1711
586 317

587 317

588 317

589 317
589 495

590 1712
590 1713
590 318
590 365
590 368
590 438
590 400
590 463
590 426
590 1714

591 439
591 530
591 318

592 1715
592 318

593 1716
593 318
593 1717
593 1718
593 337
593 1719

594 1720
594 1721
594 1722
594 318
594 1717
594 1723

595 318

596 318

597 318

598 318

599 1724
599 439
599 428
599 319

600 1725
600 405
600 319
600 442

601 340
601 319
601 483
601 1711
601 1726

602 320

603 320

604 1727
604 320

605 322

606 322

607 322

608 323

609 324
609 397

610 324

611 1728
611 324
611 327
611 1729

612 1730
612 324

613 325

614 325

615 325
615 1731
615 333
615 1732

616 1733
616 326
616 389
616 1692

617 427
617 326
617 1734

618 326

619 327

620 327

621 328

622 328

623 328

624 328

625 328

626 1735
626 329
626 418
626 1736

627 367
627 329
627 1728

628 1737
628 329

629 446
629 329
629 412

630 330
630 499

631 392
631 456
631 1738
631 330
631 372

632 330

633 330

634 372
634 332
634 1739

635 332

636 332

637 444
637 1740
637 333

638 333

639 441
639 427
639 506
639 500
639 333
639 1741

640 333

641 333

642 334
642 1742

643 334
643 1742

644 334

645 334

646 479
646 520
646 1743
646 336
646 1744

647 421
647 348
647 336
647 1745

648 418
648 336
648 1746

649 1747
649 336
649 1748
649 1749

650 1750
650 336

651 336

652 336

653 336

654 336

655 336

656 336

657 336

658 336

659 336

660 337

661 337

662 517
662 422
662 441
662 1751
662 338

663 339

664 339

665 339

666 339
666 1752

667 339

668 340

669 340

670 1753
670 414
670 340

671 340

672 340
672 418

673 340

674 1754
674 340

675 340

676 340

677 341

678 341

679 341

680 341

681 342
681 1755
681 418
681 430

682 481
682 342
682 1756

683 342

684 1757
684 374
684 342
684 1758

685 1759
685 1760
685 1761
685 1693
685 463
685 1696
685 366
685 377
685 1762
685 1763
685 342

686 384
686 342

687 1764
687 1721
687 1765
687 342

688 418
688 1695
688 342

689 342

690 1766
690 342

691 342

692 342

693 342

694 342

695 1767
695 1762
695 404
695 1695
695 344

696 1695
696 405
696 365
696 368
696 1768
696 344

697 463
697 1769
697 344
697 1770
697 1771

698 344
698 1772

699 344

700 345

701 345

702 345

703 346
703 1695
703 480

704 346

705 346

706 438
706 435
706 346

707 1759
707 346

708 346

709 346
709 1773

710 352
710 346

711 346

712 346

713 347

714 347
714 1774

715 347

716 347

717 348

718 421
718 348

719 414
719 348
719 1702

720 348

721 348

722 348

723 1775
723 463
723 1696
723 349
723 1776
723 1777

724 349
724 1729

725 349

726 350

727 350

728 1778
728 350

729 388
729 350
729 1763

730 350

731 350
731 484

732 350

733 350

734 350
734 1769

735 378
735 351
735 1772

736 351

737 352
737 437
737 471
737 1728

738 352
738 440
738 1779

739 352

740 1780
740 353
740 486
740 1781

741 491
741 353

742 353

743 353
743 1782

744 353

745 353

746 354
746 1783

747 354

748 354

749 354
749 1784

750 1783
750 1707
750 354

751 354
751 1783

752 354
752 1783
752 1785

753 1786
753 355
753 1787

754 477
754 355

755 355

756 355

757 355

758 355

759 355

760 355

761 1788
761 465
761 356
761 512

762 444
762 467
762 356
762 394
762 1789

763 356

764 357

765 1790
765 358

766 359
766 367
766 358
766 1741

767 358

768 358

769 358

770 493
770 358
770 1731

771 358
771 1728

772 366
772 358
772 359
772 507

773 358

774 358

775 1791
775 358
775 488

776 359

777 1792
777 359

778 359

779 359
779 1793

780 359

781 359

782 360

783 426
783 360

784 360

785 426
785 360

786 1696
786 360
786 1717
786 1794

787 405
787 360

788 361

789 1795
789 1796
789 361
789 377

790 1796
790 503
790 361
790 1797
790 1798

791 361

792 362

793 362

794 504
794 362

795 362

796 362

797 362

798 362

799 426
799 362

800 362

801 363

802 363

803 363

804 363

805 363
805 1799

806 365
806 368

807 365
807 368
807 486

808 365
808 368

809 365
809 368

810 365

811 439
811 366
811 530
811 1728

812 1800
812 463
812 1696
812 366
812 1801

813 1802
813 463
813 1696
813 366

814 1803
814 463
814 1696
814 366
814 391

815 1804
815 366

816 463
816 366

817 366

818 366

819 463
819 1696
819 366
819 1805

820 367

821 511
821 489
821 1754
821 367

822 1806
822 367

823 1807
823 1685
823 368

824 1808
824 368

825 369

826 369

827 369

828 369

829 370
829 393
829 418
829 508

830 1809
830 370

831 516
831 1729
831 488
831 370

832 370

833 1810
833 375
833 371
833 426

834 1811
834 495
834 372
834 455

835 372

836 1812
836 1813
836 1814
836 372
836 1815

837 372

838 372

839 372

840 372

841 372

842 372

843 372

844 372

845 372

846 372

847 373
847 490

848 373
848 490

849 373
849 539

850 373

851 373

852 373

853 373

854 373

855 374
855 449
855 454

856 374

857 446
857 1795
857 401
857 1816
857 374
857 410

858 374
858 1817

859 1818
859 374

860 1819
860 374

861 1820
861 374

862 1821
862 374

863 374

864 374

865 374
865 1822

866 374

867 374

868 1823
868 374

869 374

870 374

871 374

872 374

873 374

874 374

875 374

876 374

877 374

878 374

879 374

880 374

881 1824
881 506
881 1728
881 1699
881 375
881 1825
881 1826

882 1679
882 375
882 1827

883 1828
883 375

884 375

885 375

886 375

887 376

888 376
888 1829

889 1830
889 1831
889 376
889 1832

890 377

891 377

892 377

893 377

894 377

895 377

896 377

897 377

898 377

899 377

900 377

901 377

902 377

903 377

904 377

905 377

906 377

907 377

908 377

909 377

910 377

911 377

912 377

913 377

914 377

915 377

916 377

917 377

918 377

919 1818
919 492
919 377

920 378
920 1833
920 1834

921 1835
921 378

922 1836
922 378

923 378

924 378

925 378

926 378

927 378

928 378

929 1837
929 1838
929 378

930 378

931 379
931 1839
931 418
931 469
931 1840
931 1711

932 379

933 379

934 379

935 380

936 381

937 479
937 381

938 446
938 381
938 1819

939 381
939 1841
939 1743

940 1842
940 449
940 405
940 1843
940 418
940 382
940 1691
940 501

941 382
941 1844

942 382

943 1845
943 1846
943 384
943 415

944 1847
944 388
944 1795

945 388
945 516
945 1847
945 1848

946 388
946 1775
946 430

947 389

948 1849
948 389
948 395

949 389

950 1850
950 390

951 390

952 390

953 390

954 390

955 1776
955 391

956 391

957 421
957 392

958 392

959 393

960 1778
960 393

961 1716
961 393
961 455
961 1851

962 479
962 399
962 393

963 1852
963 393
963 1853
963 1854

964 393

965 393

966 393
966 1855

967 393

968 393

969 438
969 400
969 417
969 419
969 394
969 397

970 394

971 394

972 394

973 394

974 394

975 394

976 395

977 1801
977 395

978 1856
978 395
978 522

979 395

980 395
980 1857

981 479
981 396

982 397
982 1858

983 397

984 397
984 539

985 397

986 397

987 397

988 397
988 1859
988 1860

989 397

990 397

991 1861
991 398

992 398
992 1862

993 398

994 399
994 444
994 448
994 1863

995 400
995 438

996 438
996 400
996 418
996 1767

997 438
997 400

998 449
998 1864
998 402

999 506
999 471
999 403
999 407

1000 404

1001 479
1001 404
1001 1865
1001 1866

1002 404
1002 1867

1003 1868
1003 405
1003 1869

1004 405
1004 455

1005 405

1006 405

1007 406

1008 406

1009 426
1009 407

1010 1870
1010 407

1011 407

1012 407

1013 407

1014 407

1015 407

1016 407

1017 407

1018 407

1019 407

1020 407

1021 407

1022 407

1023 407

1024 407

1025 407

1026 407

1027 408

1028 410

1029 1723
1029 411
1029 1871
1029 1702

1030 411

1031 411

1032 411

1033 411
1033 1872

1034 411

1035 1679
1035 411

1036 411

1037 411

1038 412

1039 412
1039 1873
1039 1874

1040 1875
1040 414
1040 486

1041 414
1041 1799
1041 1876

1042 414
1042 1799

1043 414
1043 1702

1044 414
1044 1743

1045 1877
1045 414
1045 1870

1046 414
1046 1743

1047 414
1047 1878

1048 1879
1048 416

1049 1879
1049 416

1050 416

1051 416

1052 417
1052 473
1052 434
1052 466

1053 417

1054 417

1055 417

1056 417

1057 418
1057 1740

1058 418

1059 469
1059 418

1060 1880
1060 418

1061 487
1061 418

1062 1881
1062 436
1062 418

1063 1765
1063 1763
1063 1882
1063 418
1063 484

1064 1883
1064 418

1065 418

1066 418

1067 418

1068 418

1069 418

1070 418

1071 418
1071 1884

1072 418
1072 1885

1073 418

1074 418

1075 418

1076 418

1077 418

1078 418

1079 418

1080 418

1081 418

1082 418

1083 418

1084 418

1085 418

1086 418

1087 418

1088 418

1089 418
1089 1723

1090 418

1091 418

1092 418

1093 418
1093 434

1094 418

1095 418
1095 1886

1096 418

1097 1887
1097 464
1097 418
1097 1888

1098 418

1099 418

1100 418

1101 418

1102 1872
1102 418
1102 490
1102 1699

1103 418

1104 418

1105 418

1106 418

1107 418

1108 418

1109 418

1110 418

1111 418

1112 418

1113 418

1114 418

1115 418

1116 418

1117 418

1118 418

1119 418

1120 419
1120 426
1120 477
1120 442
1120 470

1121 419

1122 419

1123 419

1124 419

1125 420

1126 1889
1126 420

1127 420

1128 420

1129 420

1130 420

1131 420

1132 421
1132 1890
1132 470
1132 1891

1133 479
1133 421
1133 1892
1133 1893
1133 495
1133 1894

1134 421
1134 1895

1135 436
1135 421

1136 437
1136 421

1137 421
1137 1896

1138 421

1139 421

1140 421
1140 1710

1141 421

1142 421

1143 421

1144 421

1145 421
1145 1897

1146 421

1147 421

1148 421

1149 421

1150 421
1150 1898

1151 421

1152 421

1153 421

1154 421

1155 421

1156 421

1157 421

1158 421

1159 421

1160 421
1160 493

1161 421

1162 421
1162 1899
1162 1900

1163 421

1164 450
1164 422
1164 465

1165 422

1166 450
1166 422

1167 422

1168 422

1169 422
1169 1833

1170 422

1171 422

1172 450
1172 422

1173 423

1174 423

1175 424
1175 1843

1176 424

1177 424

1178 425
1178 507

1179 425

1180 426
1180 1863
1180 425
1180 1692

1181 425

1182 425
1182 1752

1183 425

1184 1889
1184 425

1185 425

1186 425

1187 425

1188 425

1189 439
1189 426
1189 1891

1190 1901
1190 426
1190 489
1190 1816

1191 426
1191 1902

1192 426
1192 1903
1192 1817

1193 426

1194 426

1195 426

1196 1820
1196 426
1196 1903

1197 426
1197 1819

1198 1764
1198 426

1199 463
1199 426

1200 1819
1200 463
1200 426
1200 1835
1200 1706

1201 1901
1201 426

1202 426

1203 426

1204 1712
1204 426
1204 1868
1204 1784

1205 426
1205 1791

1206 426
1206 1904

1207 426
1207 1901
1207 507

1208 463
1208 426

1209 426

1210 1905
1210 426

1211 446
1211 426
1211 528

1212 426
1212 1835
1212 1843
1212 1842

1213 426

1214 426

1215 1906
1215 426
1215 1706

1216 426

1217 426

1218 426

1219 426

1220 427

1221 429
1221 1907

1222 429

1223 429

1224 429

1225 429

1226 430

1227 430

1228 430

1229 452
1229 1747
1229 432
1229 1908

1230 432

1231 433

1232 433

1233 433

1234 433

1235 433

1236 433

1237 434

1238 438
1238 435

1239 438
1239 435

1240 436

1241 436

1242 437
1242 1909

1243 437
1243 1784

1244 1910
1244 437
1244 529
1244 1833

1245 437
1245 1911

1246 437
1246 539

1247 437

1248 437

1249 1912
1249 439

1250 439
1250 1706

1251 439

1252 439
1252 1891

1253 439

1254 1913
1254 1914
1254 439

1255 1915
1255 440

1256 440
1256 1916

1257 441

1258 442

1259 1917
1259 443

1260 1918
1260 443

1261 1709
1261 443

1262 443

1263 443

1264 444
1264 1919

1265 444

1266 444
1266 529

1267 1788
1267 445
1267 1786

1268 463
1268 445

1269 445

1270 445

1271 445

1272 445

1273 445

1274 445

1275 445

1276 445

1277 446
1277 1920

1278 507
1278 446
1278 1902

1279 446

1280 1921
1280 492
1280 458
1280 447
1280 466

1281 447

1282 447

1283 447

1284 447

1285 447

1286 447

1287 447

1288 447

1289 447

1290 447

1291 448
1291 1922
1291 1923

1292 1690
1292 448

1293 1847
1293 448

1294 448
1294 448

1295 448

1296 1849
1296 449

1297 453
1297 455
1297 451

1298 451

1299 451

1300 1737
1300 453
1300 531

1301 454
1301 499
1301 1843
1301 495

1302 457

1303 459
1303 1924
1303 1925

1304 459

1305 459
1305 1926

1306 459

1307 460

1308 460

1309 460

1310 472
1310 461

1311 461

1312 461

1313 461

1314 461

1315 461

1316 461

1317 461

1318 461

1319 1927
1319 506
1319 462

1320 1796
1320 462

1321 462
1321 1875

1322 463
1322 1908

1323 1800
1323 463
1323 1696
1323 1763

1324 463
1324 1800

1325 1800
1325 463

1326 463
1326 1817

1327 1759
1327 463

1328 1759
1328 463

1329 1928
1329 1713
1329 463
1329 1804

1330 1929
1330 463

1331 463
1331 1696

1332 1930
1332 463
1332 1696

1333 463

1334 463

1335 463

1336 463

1337 463

1338 463
1338 1747
1338 1931

1339 463

1340 463

1341 463

1342 463

1343 463
1343 1932

1344 463

1345 463
1345 1695

1346 463

1347 463

1348 464

1349 464

1350 464

1351 464

1352 1933
1352 464
1352 1914

1353 464

1354 464

1355 464
1355 478

1356 464
1356 1914

1357 464

1358 464

1359 511
1359 465

1360 465

1361 465

1362 465
1362 1813

1363 467

1364 467

1365 467

1366 467

1367 468
1367 1934

1368 468

1369 468

1370 468

1371 468

1372 1935
1372 469
1372 1936

1373 470

1374 471

1375 471
1375 1903
1375 1817

1376 471

1377 471

1378 471
1378 1814
1378 1937

1379 471
1379 516

1380 472

1381 472

1382 472

1383 472

1384 472

1385 1938
1385 472

1386 473

1387 473

1388 473

1389 473

1390 474

1391 1715
1391 475
1391 1908
1391 1875

1392 475

1393 475
1393 531
1393 1707

1394 475
1394 1939

1395 1734
1395 476

1396 476
1396 1940

1397 1852
1397 476
1397 1898
1397 520
1397 1690
1397 1941

1398 476

1399 477
1399 1942

1400 479
1400 477
1400 1943

1401 1819
1401 1944
1401 477

1402 1945
1402 477
1402 1706
1402 486
1402 1946

1403 477
1403 1947

1404 477

1405 1948
1405 477

1406 1942
1406 478

1407 478

1408 478

1409 478

1410 478

1411 478

1412 478

1413 478

1414 478

1415 478

1416 478

1417 478

1418 478

1419 478

1420 479
1420 1901

1421 479

1422 479

1423 479

1424 479

1425 479
1425 1734

1426 479
1426 1901

1427 479

1428 480

1429 1892
1429 1923
1429 1796
1429 480
1429 512
1429 1711

1430 480

1431 480

1432 480

1433 480

1434 1949
1434 481

1435 1882
1435 1679
1435 481

1436 1764
1436 481
1436 1687

1437 481
1437 1950

1438 481

1439 481

1440 481

1441 481

1442 481

1443 481

1444 484
1444 1951
1444 481

1445 1883
1445 482

1446 1952
1446 482

1447 1768
1447 482

1448 482
1448 1953
1448 1954

1449 482
1449 1955

1450 482
1450 1956

1451 482

1452 482

1453 482

1454 482

1455 1918
1455 1709
1455 483
1455 1690
1455 1847
1455 1957

1456 483

1457 483

1458 483

1459 483
1459 1940

1460 484
1460 1958

1461 484

1462 484

1463 485

1464 485

1465 485

1466 1941
1466 486

1467 487

1468 487

1469 487

1470 500
1470 488

1471 1959
1471 488

1472 490

1473 490

1474 490

1475 490

1476 490

1477 490

1478 490
1478 1875

1479 490

1480 491

1481 491

1482 493
1482 1960

1483 493

1484 493

1485 1868
1485 494

1486 494

1487 495
1487 1830
1487 1961

1488 495

1489 495

1490 495

1491 496

1492 496

1493 496

1494 496

1495 496

1496 496

1497 496

1498 1949
1498 497

1499 1962
1499 1846
1499 497

1500 497
1500 1792

1501 497

1502 1911
1502 498
1502 1963
1502 1777
1502 1964

1503 498

1504 1956
1504 1965
1504 1966
1504 1955
1504 498

1505 498

1506 498

1507 498

1508 499
1508 1967

1509 499
1509 1968

1510 499

1511 499

1512 499

1513 500
1513 1969

1514 1970
1514 503
1514 500

1515 500

1516 500

1517 500

1518 501

1519 501

1520 501

1521 1725
1521 502

1522 502

1523 502

1524 502

1525 503

1526 503

1527 504
1527 1971

1528 504

1529 505

1530 505

1531 1967
1531 506
1531 1868
1531 1972

1532 506

1533 506
1533 1973

1534 506

1535 1974
1535 507

1536 1975
1536 507

1537 507
1537 1976

1538 507
1538 1977

1539 507

1540 507

1541 507

1542 507

1543 507

1544 507

1545 507

1546 507

1547 507

1548 508

1549 508

1550 509

1551 511
1551 528

1552 513
1552 1747

1553 513

1554 513

1555 513

1556 513

1557 513

1558 513

1559 513

1560 513

1561 514

1562 515

1563 515

1564 516

1565 517

1566 517

1567 517

1568 518

1569 518

1570 518

1571 518

1572 519

1573 519

1574 519

1575 1978
1575 1979
1575 1775
1575 520
1575 1941

1576 520
1576 1980

1577 1981
1577 520
1577 1982

1578 1894
1578 520

1579 520

1580 520

1581 520

1582 521
1582 1686

1583 521

1584 521

1585 521

1586 521

1587 1966
1587 522

1588 522

1589 522

1590 522

1591 522

1592 522

1593 522

1594 522

1595 1852
1595 523

1596 523

1597 523

1598 525

1599 525

1600 525

1601 525

1602 525

1603 525

1604 525

1605 526
1605 1814
1605 1983

1606 526

1607 526

1608 526

1609 1984
1609 526

1610 526

1611 526

1612 526

1613 526

1614 526

1615 526

1616 526

1617 526

1618 526

1619 527

1620 527

1621 1955
1621 527

1622 1879
1622 527

1623 528

1624 1985
1624 528

1625 528

1626 529

1627 529

1628 529

1629 529

1630 529

1631 529

1632 529

1633 529

1634 530

1635 530

1636 531

1637 533

1638 533

1639 533

1640 1736
1640 533

1641 533

1642 533

1643 533

1644 533

1645 533

1646 533

1647 533

1648 534

1649 534
1649 1986
1649 1733
1649 1919

1650 535

1651 535

1652 536

1653 536

1654 536

1655 1987
1655 1875
1655 536

1656 537

1657 537

1658 537

1659 537

1660 537

1661 537

1662 537

1663 537

1664 537

1665 537

1666 538
1666 1988

1667 538

1668 538

1669 538

1670 538

1671 538

1672 538

1673 539

1674 1970
1674 539

1675 539

1676 539

1677 539

1678 540
1678 1989
1678 1990

1679 1991
1679 1035
1679 540
1679 1435
1679 1992
1679 1993
1679 1994
1679 1995
1679 882
1679 1996
1679 1997

1680 540

1681 541
1681 1998
1681 1999

1682 542
1682 2000
1682 2001

1683 543

1684 544
1684 2002
1684 2003

1685 2004
1685 2005
1685 823
1685 544
1685 2006
1685 2007
1685 2008

1686 545
1686 2009
1686 1582

1687 546
1687 1436
1687 2010
1687 2011
1687 2012

1688 546
1688 2013
1688 2014

1689 547
1689 2015
1689 2016
1689 2017
1689 2018
1689 2019

1690 1455
1690 2020
1690 1397
1690 2021
1690 2022
1690 547
1690 1292
1690 2023

1691 555
1691 940
1691 2024
1691 2025

1692 555
1692 1180
1692 616

1693 685
1693 555
1693 2026
1693 2027
1693 2028

1694 555

1695 556
1695 696
1695 703
1695 2029
1695 695
1695 2030
1695 2031
1695 688
1695 2032
1695 2033
1695 2034
1695 2035
1695 2036
1695 1345
1695 2037

1696 812
1696 1323
1696 813
1696 556
1696 685
1696 723
1696 1331
1696 786
1696 1332
1696 814
1696 819

1697 558
1697 2038
1697 2039
1697 2040
1697 2041
1697 2042
1697 2043
1697 2044

1698 2045
1698 558

1699 564
1699 881
1699 1102
1699 558

1700 558
1700 2046
1700 2047
1700 2048

1701 558

1702 1043
1702 719
1702 1029
1702 2049
1702 560
1702 2050
1702 2051
1702 2052
1702 2053
1702 2054
1702 2055
1702 2056
1702 2057
1702 2058
1702 2059
1702 2060

1703 565

1704 567
1704 2061
1704 2062
1704 2063
1704 2064
1704 2065
1704 2066
1704 2067

1705 2068
1705 2069
1705 570
1705 2070
1705 2071

1706 570
1706 1250
1706 1200
1706 1402
1706 1215
1706 2072
1706 2073
1706 2074

1707 750
1707 570
1707 1393
1707 2075
1707 2076

1708 570
1708 2077
1708 2078
1708 2079
1708 2080
1708 2081
1708 2082
1708 2083
1708 2084
1708 2085
1708 2086

1709 1455
1709 576
1709 2087
1709 2088
1709 2089
1709 2090
1709 1261

1710 2091
1710 1140
1710 582
1710 2092
1710 2093
1710 2094
1710 2095
1710 2096
1710 2097

1711 586
1711 1429
1711 601
1711 931
1711 2098
1711 2099

1712 590
1712 1204
1712 2100
1712 2101
1712 2102
1712 2103
1712 2104
1712 2105

1713 590
1713 2106
1713 1329
1713 2107
1713 2108
1713 2109
1713 2110
1713 2111
1713 2112
1713 2113
1713 2114
1713 2115

1714 590
1714 2116
1714 2117

1715 1391
1715 2118
1715 2119
1715 592

1716 961
1716 2120
1716 2121
1716 2122
1716 593
1716 2123
1716 2124
1716 2125

1717 2118
1717 786
1717 593
1717 594
1717 2126
1717 2127

1718 593
1718 2128
1718 2129
1718 2130
1718 2131

1719 593

1720 594

1721 2132
1721 687
1721 2133
1721 2134
1721 2135
1721 2136
1721 594
1721 2137
1721 2138

1722 2139
1722 2140
1722 594
1722 2141
1722 2142
1722 2143
1722 2144
1722 2145

1723 1029
1723 2146
1723 594
1723 1089
1723 2147
1723 2148
1723 2149
1723 2150
1723 2151

1724 599
1724 2152
1724 2153

1725 600
1725 2154
1725 2155
1725 2005
1725 2156
1725 2157
1725 2158
1725 2159
1725 2160
1725 1521
1725 2161
1725 2162

1726 601

1727 604
1727 2163

1728 611
1728 881
1728 627
1728 811
1728 771
1728 737
1728 2164
1728 2165
1728 2166
1728 2167

1729 2168
1729 611
1729 724
1729 831
1729 2169

1730 2170
1730 612

1731 770
1731 615
1731 2171
1731 2172
1731 2173
1731 2174

1732 615
1732 2175
1732 2176
1732 2177
1732 2178
1732 2179
1732 2180
1732 2181
1732 2182
1732 2183
1732 2184

1733 616
1733 1649
1733 2185
1733 2186
1733 2187

1734 2188
1734 1425
1734 617
1734 1395

1735 626
1735 2189
1735 2190
1735 2191
1735 2192

1736 1640
1736 626
1736 2193
1736 2194

1737 628
1737 1300
1737 2195
1737 2196
1737 2197
1737 2198

1738 2199
1738 631
1738 2200
1738 2201
1738 2202
1738 2203
1738 2204
1738 2205
1738 2206

1739 2207
1739 2208
1739 2209
1739 634
1739 2210

1740 2211
1740 2212
1740 637
1740 1057
1740 2213
1740 2214
1740 2215
1740 2216
1740 2217

1741 766
1741 639
1741 2218
1741 2219

1742 2220
1742 2221
1742 642
1742 643
1742 2222
1742 2223
1742 2224

1743 646
1743 939
1743 1044
1743 1046
1743 2225
1743 2226
1743 2227
1743 2228
1743 2229
1743 2230
1743 2231
1743 2232
1743 2233
1743 2234
1743 2235

1744 646

1745 647

1746 648

1747 1552
1747 1229
1747 1338
1747 649
1747 2236
1747 2237

1748 2238
1748 649

1749 649

1750 650
1750 2239

1751 662
1751 2240
1751 2241

1752 2242
1752 666
1752 2243
1752 1182
1752 2244
1752 2245

1753 670
1753 2246
1753 2247
1753 2248
1753 2249
1753 2250
1753 2251
1753 2252
1753 2253

1754 674
1754 821
1754 2254
1754 2255

1755 2256
1755 2257
1755 2258
1755 2259
1755 2260
1755 681
1755 2038

1756 682

1757 684
1757 2261
1757 2262

1758 2263
1758 684
1758 2264

1759 685
1759 1327
1759 2265
1759 707
1759 1328
1759 2266
1759 2267
1759 2268
1759 2269
1759 2270
1759 2271
1759 2272
1759 2273
1759 2274
1759 2275
1759 2276
1759 2277
1759 2278
1759 2279
1759 2100
1759 2280
1759 2281
1759 2282

1760 685

1761 685
1761 2283
1761 2284
1761 2285
1761 2286

1762 695
1762 685
1762 2287
1762 2288
1762 2289

1763 1063
1763 729
1763 1323
1763 2290
1763 685
1763 2291
1763 2292
1763 2293
1763 2294
1763 2295
1763 2296
1763 2297
1763 2298
1763 2299
1763 2300
1763 2301
1763 2302

1764 1198
1764 2303
1764 687
1764 2304
1764 1436
1764 2305
1764 2306

1765 1063
1765 2307
1765 2308
1765 2309
1765 687
1765 2310
1765 2311
1765 2312

1766 690
1766 2313
1766 2314
1766 2315
1766 2316

1767 695
1767 2317
1767 2318
1767 996
1767 2319
1767 2320
1767 2321
1767 2322
1767 2323
1767 2324
1767 2325

1768 696
1768 2326
1768 2327
1768 2045
1768 1447
1768 2328
1768 2308

1769 2329
1769 734
1769 2330
1769 697
1769 2331

1770 697

1771 697
1771 2332
1771 2333

1772 735
1772 698
1772 2334

1773 2335
1773 2336
1773 2337
1773 2338
1773 2339
1773 2340
1773 2341
1773 709
1773 2342
1773 2343

1774 714

1775 723
1775 946
1775 1575
1775 2344
1775 2345
1775 2346
1775 2347
1775 2348

1776 955
1776 2349
1776 723
1776 2132
1776 2350
1776 2351
1776 2352

1777 723
1777 1502
1777 2353
1777 2354
1777 2355
1777 2356

1778 728
1778 2357
1778 2358
1778 960
1778 2359
1778 2360

1779 2361
1779 2362
1779 2363
1779 2364
1779 738
1779 2365

1780 740
1780 2366
1780 2367
1780 2368
1780 2369
1780 2370
1780 2371
1780 2372

1781 2373
1781 740
1781 2165

1782 2374
1782 743
1782 2375

1783 750
1783 746
1783 751
1783 752
1783 2376

1784 2377
1784 1204
1784 2378
1784 749
1784 1243
1784 2379
1784 2380

1785 752
1785 2381
1785 2382
1785 2383

1786 753
1786 1267

1787 753

1788 1267
1788 2384
1788 761
1788 2385
1788 2386

1789 762
1789 2387

1790 765
1790 2388
1790 2389
1790 2390

1791 775
1791 1205
1791 2391

1792 777
1792 2392
1792 2393
1792 1500

1793 2394
1793 779
1793 2395
1793 2396
1793 2397
1793 2398
1793 2399
1793 2400
1793 2401
1793 2402
1793 2403

1794 786

1795 944
1795 857
1795 2188
1795 789

1796 789
1796 1429
1796 1320
1796 790

1797 2404
1797 2405
1797 790
1797 2036
1797 2406
1797 2407
1797 2408
1797 2409
1797 2410
1797 2411
1797 2412

1798 2413
1798 2414
1798 2415
1798 2416
1798 2417
1798 790

1799 1041
1799 1042
1799 805
1799 2418
1799 2419
1799 2420
1799 2421
1799 2422
1799 2423
1799 2424
1799 2425
1799 2426
1799 2427
1799 2428
1799 2429
1799 2430

1800 812
1800 1323
1800 1325
1800 1324

1801 2431
1801 977
1801 2432
1801 812
1801 2433
1801 2434
1801 2435
1801 2436
1801 2437

1802 813
1802 2290

1803 814
1803 2438
1803 2439
1803 2440
1803 2441
1803 2442
1803 2295
1803 2443

1804 815
1804 2444
1804 1329
1804 2445
1804 2446
1804 2447
1804 2448

1805 2449
1805 2450
1805 2451
1805 2452
1805 2453
1805 819

1806 2454
1806 822

1807 823
1807 2191
1807 2455
1807 2456
1807 2283
1807 2457

1808 824

1809 2458
1809 2459
1809 2460
1809 830
1809 2461
1809 2462

1810 833
1810 2463
1810 2464
1810 2465
1810 2466
1810 2467
1810 2468
1810 2469
1810 2470
1810 2471

1811 834
1811 2472
1811 2473

1812 836
1812 2474
1812 2475
1812 2476
1812 2477
1812 2478
1812 2479
1812 2480
1812 2464
1812 2481
1812 2482
1812 2483
1812 2484

1813 836
1813 1362
1813 2485
1813 2486
1813 2487

1814 836
1814 2488
1814 1605
1814 1378
1814 2027
1814 2489
1814 2490
1814 2491
1814 2492
1814 2493
1814 2494
1814 2495

1815 836

1816 857
1816 1190

1817 858
1817 1192
1817 1375
1817 1326
1817 2496
1817 2497
1817 2498
1817 2499
1817 2500
1817 2501
1817 2502
1817 2503
1817 2504
1817 2505
1817 2506
1817 2507
1817 2508

1818 919
1818 859
1818 2509

1819 1200
1819 2510
1819 860
1819 1401
1819 938
1819 1197
1819 2511
1819 2512
1819 2513
1819 2514
1819 2515
1819 2516

1820 1196
1820 2517
1820 2518
1820 2519
1820 861
1820 2520
1820 2521

1821 2522
1821 2523
1821 2524
1821 862
1821 2525
1821 2526
1821 2527
1821 2528
1821 2529
1821 2530
1821 2531
1821 2532
1821 2533
1821 2534
1821 2535
1821 2536

1822 865

1823 2537
1823 2538
1823 868
1823 2539
1823 2540
1823 2541
1823 2542

1824 881

1825 2543
1825 881
1825 2544

1826 881

1827 882

1828 2545
1828 2546
1828 2547
1828 2353
1828 883

1829 888

1830 889
1830 1487
1830 2548

1831 889
1831 2549
1831 2550
1831 2551
1831 2552
1831 2553
1831 2554

1832 889

1833 1244
1833 1169
1833 920
1833 2555
1833 2556
1833 2557
1833 2558
1833 2559
1833 2560
1833 2561
1833 2562
1833 2563
1833 2564
1833 2565
1833 2566
1833 2567
1833 2568
1833 2569
1833 2570

1834 920

1835 2571
1835 1200
1835 1212
1835 2572
1835 2573
1835 2574
1835 2575
1835 2576
1835 921
1835 2577
1835 2578

1836 922
1836 2579
1836 2580
1836 2581
1836 2582
1836 2583

1837 929
1837 2584
1837 2585

1838 929
1838 2586
1838 2587
1838 2588
1838 2589
1838 2590
1838 2591
1838 2592

1839 931
1839 2593
1839 2594
1839 2595
1839 2596

1840 931

1841 939
1841 2545
1841 2597
1841 2598
1841 2599
1841 2600

1842 940
1842 1212
1842 2601

1843 1301
1843 940
1843 1212
1843 2146
1843 2602
1843 1175

1844 2603
1844 941
1844 2604
1844 2605
1844 2606
1844 2607

1845 943
1845 2608

1846 2609
1846 2610
1846 2611
1846 2612
1846 2613
1846 1499
1846 2614
1846 943
1846 2615

1847 944
1847 945
1847 2385
1847 2616
1847 1455
1847 2617
1847 1293
1847 2618

1848 2619
1848 2620
1848 945

1849 1296
1849 948
1849 2621
1849 2622
1849 2623

1850 950
1850 2624
1850 2625

1851 2626
1851 2627
1851 961

1852 2628
1852 963
1852 2629
1852 2630
1852 2631
1852 2632
1852 2633
1852 2634
1852 1397
1852 2635
1852 2016
1852 2636
1852 2637
1852 2638
1852 2639
1852 2540
1852 1595
1852 2640

1853 963

1854 963

1855 2641
1855 966
1855 2642
1855 2643
1855 2644
1855 2645

1856 978
1856 2646
1856 2647
1856 2648
1856 2649
1856 2650

1857 2651
1857 2211
1857 980
1857 2652
1857 2653
1857 2654
1857 2655

1858 982

1859 2656
1859 988
1859 2657
1859 2658
1859 2659
1859 2660
1859 2661
1859 2662
1859 2663

1860 2664
1860 2665
1860 988
1860 2666
1860 2667
1860 2668

1861 2669
1861 2670
1861 991

1862 2211
1862 2266
1862 992
1862 2671
1862 2672

1863 1180
1863 2673
1863 994

1864 998

1865 1001

1866 2674
1866 1001
1866 2610

1867 1002

1868 1003
1868 2478
1868 1531
1868 1204
1868 2378
1868 1485
1868 2675
1868 2485
1868 2676
1868 2677
1868 2678
1868 2679

1869 1003
1869 2680
1869 2681
1869 2682
1869 2683
1869 2684
1869 2685
1869 2686

1870 2687
1870 2688
1870 2689
1870 1010
1870 1045

1871 1029
1871 2006
1871 2690
1871 2691
1871 2692
1871 2693

1872 1102
1872 1033

1873 1039
1873 2694

1874 1039

1875 1040
1875 1391
1875 2116
1875 1478
1875 1655
1875 1321
1875 2695
1875 2696
1875 2697
1875 2698
1875 2699
1875 2700
1875 2701
1875 2702
1875 2703

1876 1041

1877 1045
1877 2704
1877 2705
1877 2706
1877 2707
1877 2708
1877 2709
1877 2710
1877 2711

1878 2712
1878 2713
1878 2714
1878 2715
1878 1047
1878 2716

1879 2717
1879 1048
1879 1049
1879 1622
1879 2718
1879 2719
1879 2720

1880 2721
1880 2722
1880 1060
1880 2723

1881 1062
1881 2724

1882 2543
1882 2725
1882 2726
1882 1063
1882 2727
1882 1435
1882 2728

1883 2729
1883 1064
1883 1445

1884 1071

1885 1072
1885 2730
1885 2731
1885 2732
1885 2733
1885 2734

1886 2735
1886 2736
1886 1095
1886 2737
1886 2738

1887 1097
1887 2739
1887 2740
1887 2741

1888 2742
1888 1097
1888 2743
1888 2744
1888 2745
1888 2746
1888 2747

1889 1126
1889 2748
1889 1184
1889 2749
1889 2750
1889 2751
1889 2752

1890 1132

1891 1189
1891 2753
1891 1252
1891 2754
1891 1132

1892 1429
1892 1133
1892 2755
1892 2756

1893 1133
1893 2630
1893 2757
1893 2758

1894 1578
1894 1133

1895 2759
1895 1134

1896 2760
1896 1137

1897 1145
1897 2761
1897 2762
1897 2763
1897 2764
1897 2666
1897 2765
1897 2766
1897 2767
1897 2768
1897 2769

1898 2385
1898 1397
1898 1150
1898 2770
1898 2771
1898 2772
1898 2773

1899 1162

1900 1162

1901 1190
1901 1201
1901 2349
1901 1420
1901 1426
1901 2774
1901 1207
1901 2775
1901 2776
1901 2777
1901 2778
1901 2779
1901 2780
1901 2781

1902 2782
1902 1191
1902 1278
1902 2783

1903 2784
1903 1192
1903 1196
1903 1375
1903 2785
1903 2786
1903 2787
1903 2788
1903 2789

1904 2790
1904 1206
1904 2791

1905 1210
1905 2792
1905 2793
1905 2794
1905 2795

1906 1215
1906 2796
1906 2797
1906 2798

1907 2799
1907 1221

1908 1391
1908 2800
1908 1322
1908 2801
1908 1229
1908 2802

1909 1242

1910 1244
1910 2803
1910 2804
1910 2805
1910 2806
1910 2807

1911 1502
1911 1245
1911 2808
1911 2809
1911 2810

1912 1249
1912 2811
1912 2812
1912 2813

1913 1254
1913 2814
1913 2815

1914 1352
1914 1356
1914 1254
1914 2816

1915 1255
1915 2817

1916 2818
1916 2819
1916 1256
1916 2820

1917 2821
1917 2822
1917 2823
1917 2824
1917 2825
1917 2826
1917 1259
1917 2827
1917 2828
1917 2829
1917 2830
1917 2831
1917 2049
1917 2713

1918 1455
1918 2832
1918 1260

1919 1649
1919 1264
1919 2478
1919 2185
1919 2833
1919 2834
1919 2835
1919 2836
1919 2837
1919 2838
1919 2839

1920 1277
1920 2840

1921 1280
1921 2841
1921 2842

1922 2366
1922 2616
1922 2843
1922 1291
1922 2844
1922 2845

1923 1429
1923 1291
1923 2846
1923 2847

1924 1303
1924 2848
1924 2849
1924 2850
1924 2851
1924 2852

1925 2853
1925 1303

1926 1305
1926 2854
1926 2855
1926 2856
1926 2857
1926 2858

1927 1319

1928 1329
1928 2475
1928 2859
1928 2476

1929 1330
1929 2860
1929 2861
1929 2862
1929 2863

1930 1332
1930 2864
1930 2595

1931 1338

1932 1343
1932 2865

1933 1352
1933 2866
1933 2867

1934 2868
1934 1367
1934 2869
1934 2870
1934 2871
1934 2872
1934 2873

1935 1372
1935 2874
1935 2875
1935 2876
1935 2877
1935 2878

1936 1372
1936 2598
1936 2879

1937 1378

1938 1385

1939 2880
1939 2881
1939 1394
1939 2882
1939 2883
1939 2884
1939 2885

1940 2886
1940 1396
1940 1459
1940 2887
1940 2888
1940 2889
1940 2890
1940 2891
1940 2892

1941 1466
1941 1575
1941 2129
1941 2893
1941 2894
1941 2895
1941 2404
1941 2896
1941 2897
1941 2898
1941 2899
1941 2900
1941 2901
1941 2902
1941 1397

1942 1399
1942 2903
1942 2904
1942 2905
1942 1406

1943 1400
1943 2120
1943 2193

1944 1401
1944 2906
1944 2907

1945 1402

1946 1402

1947 1403

1948 1405
1948 2908
1948 2909
1948 2910

1949 1498
1949 2911
1949 2912
1949 2913
1949 2914
1949 2915
1949 1434
1949 2916
1949 2917

1950 1437
1950 2918
1950 2919
1950 2920

1951 1444

1952 2039
1952 2921
1952 1446
1952 2922

1953 2923
1953 2924
1953 2925
1953 2488
1953 1448
1953 2926
1953 2927
1953 2928

1954 2929
1954 1448
1954 2930
1954 2931
1954 2932
1954 2933
1954 2934
1954 2935
1954 2936
1954 2937
1954 2938

1955 1621
1955 2005
1955 2939
1955 1504
1955 1449

1956 1504
1956 2940
1956 2941
1956 1450
1956 2942

1957 2943
1957 1455
1957 2944
1957 2945
1957 2946
1957 2947
1957 2948

1958 1460

1959 2949
1959 2950
1959 1471
1959 2951

1960 1482
1960 2952
1960 2953
1960 2954
1960 2955
1960 2956
1960 2957
1960 2958
1960 2959
1960 2960

1961 1487

1962 2961
1962 1499
1962 2962

1963 1502
1963 2963
1963 2964
1963 2965
1963 2966
1963 2967

1964 1502

1965 1504
1965 2968
1965 2969
1965 2970
1965 2971

1966 1587
1966 2309
1966 1504
1966 2972
1966 2973
1966 2974
1966 2975
1966 2976

1967 1508
1967 2977
1967 1531
1967 2978
1967 2979
1967 2980
1967 2981

1968 2982
1968 1509

1969 1513
1969 2983
1969 2984
1969 2985
1969 2986

1970 2616
1970 1514
1970 1674

1971 1527
1971 2987
1971 2988

1972 1531

1973 1533
1973 2989
1973 2990
1973 2991
1973 2992
1973 2993
1973 2994

1974 1535
1974 2995
1974 2996

1975 1536
1975 2997
1975 2998
1975 2999
1975 3000

1976 1537

1977 1538

1978 1575
1978 3001
1978 2599
1978 3002
1978 3003
1978 3004
1978 3005
1978 3006
1978 3007
1978 3008
1978 3009
1978 3010

1979 1575
1979 3011
1979 3012
1979 3013
1979 3014
1979 3015
1979 3016
1979 3017
1979 3018
1979 3019
1979 3020
1979 3021
1979 3022
1979 3023
1979 3024
1979 3025
1979 2129

1980 1576

1981 1577
1981 2110
1981 2616
1981 3026
1981 3027
1981 3028
1981 3029
1981 3030
1981 3031
1981 3032
1981 3033
1981 3034

1982 1577

1983 1605

1984 3035
1984 3036
1984 2638
1984 3037
1984 3038
1984 3039
1984 3040
1984 3041
1984 3042
1984 1609
1984 3043
1984 2739

1985 3044
1985 1624
1985 3045
1985 3046
1985 3047

1986 3048
1986 1649
1986 3049
1986 3050
1986 3051
1986 2264

1987 1655
1987 3052
1987 3053
1987 3054

1988 3055
1988 3056
1988 3057
1988 3058
1988 3059
1988 1666
1988 3060
1988 3061
1988 3062
1988 3063
1988 3064
1988 3065
1988 3066
1988 3067
1988 3068
1988 3069

1989 1678

1990 3070
1990 1678

1991 1679

1992 1679

1993 1679

1994 1679

1995 1679

1996 1679

1997 1679

1998 1681

1999 1681

2000 1682

2001 1682

2002 1684

2003 1684

2004 1685

2005 3071
2005 1685
2005 1725
2005 1955

2006 1685
2006 1871

2007 1685

2008 1685

2009 1686

2010 1687
2010 3072

2011 1687

2012 1687

2013 1688

2014 1688

2015 1689

2016 1689
2016 1852
2016 3073

2017 1689

2018 1689

2019 1689

2020 3074
2020 3075
2020 1690

2021 1690
2021 3076

2022 1690

2023 1690

2024 1691

2025 1691

2026 1693

2027 1814
2027 1693

2028 1693

2029 1695

2030 3077
2030 1695

2031 3078
2031 1695

2032 1695

2033 1695

2034 1695

2035 1695

2036 1695
2036 1797

2037 1695

2038 1697
2038 1755

2039 1952
2039 1697

2040 1697

2041 1697

2042 1697

2043 1697

2044 1697

2045 1698
2045 1768
2045 3079

2046 1700

2047 1700

2048 1700

2049 1917
2049 1702
2049 3080

2050 1702

2051 1702

2052 1702

2053 1702

2054 1702

2055 1702

2056 1702

2057 1702

2058 1702

2059 1702

2060 1702

2061 1704

2062 1704

2063 1704

2064 1704

2065 1704
2065 3081

2066 1704

2067 1704

2068 1705
2068 3082

2069 1705

2070 1705

2071 1705

2072 1706

2073 1706

2074 1706

2075 1707

2076 1707

2077 1708

2078 1708

2079 1708

2080 1708

2081 1708

2082 1708

2083 1708

2084 1708

2085 1708

2086 1708

2087 3083
2087 1709

2088 1709

2089 1709

2090 1709

2091 1710

2092 3084
2092 3083
2092 1710

2093 1710

2094 1710

2095 1710

2096 1710

2097 1710

2098 1711

2099 1711

2100 1712
2100 1759

2101 1712

2102 1712

2103 1712

2104 1712

2105 1712

2106 3085
2106 1713

2107 1713

2108 1713

2109 1713

2110 3086
2110 1713
2110 1981
2110 3087

2111 1713

2112 1713

2113 1713

2114 1713

2115 1713

2116 1714
2116 1875

2117 1714

2118 1717
2118 1715

2119 1715

2120 1716
2120 1943
2120 3088

2121 1716

2122 1716

2123 1716

2124 1716

2125 1716

2126 1717

2127 1717

2128 3089
2128 1718

2129 1979
2129 1941
2129 1718

2130 1718

2131 1718

2132 1721
2132 1776

2133 1721

2134 1721

2135 1721

2136 1721

2137 1721

2138 1721

2139 3090
2139 1722

2140 3091
2140 1722

2141 1722

2142 1722

2143 1722

2144 1722
2144 3092

2145 1722

2146 3093
2146 1843
2146 3094
2146 1723
2146 3095

2147 3073
2147 1723

2148 1723

2149 1723

2150 1723

2151 1723

2152 1724
2152 3096

2153 1724

2154 1725

2155 1725

2156 3097
2156 1725

2157 3098
2157 1725

2158 3099
2158 1725

2159 1725

2160 1725

2161 1725

2162 1725

2163 1727

2164 1728

2165 1728
2165 1781

2166 1728

2167 1728

2168 1729

2169 1729

2170 1730

2171 1731

2172 1731

2173 1731

2174 1731

2175 1732
2175 3100

2176 1732

2177 1732

2178 1732

2179 1732

2180 1732

2181 1732

2182 1732

2183 1732

2184 1732

2185 1733
2185 1919

2186 1733

2187 1733

2188 1734
2188 1795

2189 1735

2190 1735

2191 1735
2191 1807

2192 3101
2192 1735

2193 1943
2193 1736
2193 3102

2194 1736

2195 1737

2196 1737

2197 1737

2198 1737

2199 1738

2200 1738
2200 3103

2201 1738
2201 3103

2202 1738

2203 1738

2204 1738

2205 1738

2206 1738

2207 1739

2208 1739

2209 1739

2210 1739

2211 1740
2211 1862
2211 1857

2212 1740

2213 1740

2214 1740

2215 1740

2216 1740

2217 1740

2218 1741

2219 1741

2220 1742

2221 1742

2222 1742

2223 1742

2224 1742

2225 1743

2226 1743

2227 1743

2228 1743

2229 1743

2230 1743
2230 3104

2231 1743

2232 1743

2233 1743

2234 1743

2235 1743

2236 1747
2236 3105

2237 1747

2238 1748

2239 1750

2240 3106
2240 1751

2241 1751

2242 1752

2243 1752

2244 1752

2245 1752
2245 3107

2246 1753

2247 1753

2248 1753

2249 1753

2250 1753

2251 1753

2252 1753

2253 1753

2254 1754

2255 1754

2256 1755
2256 3108

2257 1755

2258 1755

2259 1755

2260 1755

2261 1757

2262 1757

2263 1758

2264 1986
2264 1758

2265 1759
2265 3109

2266 1759
2266 1862

2267 1759

2268 1759

2269 1759

2270 1759

2271 1759

2272 1759

2273 1759

2274 1759

2275 1759

2276 1759

2277 1759

2278 1759

2279 1759

2280 1759

2281 1759

2282 3110
2282 1759

2283 3111
2283 3112
2283 1807
2283 1761
2283 3113

2284 1761

2285 1761

2286 1761

2287 1762

2288 1762

2289 1762

2290 1802
2290 1763

2291 1763

2292 1763

2293 3114
2293 1763

2294 1763

2295 1803
2295 1763

2296 3115
2296 1763
2296 3116

2297 1763

2298 1763

2299 1763

2300 1763

2301 1763

2302 1763

2303 1764

2304 1764

2305 1764

2306 1764

2307 1765

2308 1768
2308 1765

2309 1966
2309 1765

2310 1765

2311 1765

2312 1765

2313 1766

2314 1766

2315 1766

2316 1766

2317 1767

2318 1767

2319 1767

2320 1767

2321 1767

2322 1767

2323 1767

2324 1767

2325 1767

2326 1768

2327 1768

2328 1768
2328 3117

2329 1769

2330 1769

2331 1769

2332 1771

2333 1771

2334 1772

2335 1773

2336 3118
2336 3119
2336 1773

2337 1773

2338 1773

2339 1773

2340 1773

2341 1773

2342 1773

2343 1773

2344 1775

2345 1775

2346 1775

2347 1775

2348 1775

2349 3120
2349 1901
2349 1776

2350 1776

2351 1776

2352 1776

2353 1828
2353 1777

2354 1777

2355 1777

2356 1777

2357 1778

2358 1778

2359 1778

2360 1778

2361 1779

2362 1779

2363 1779

2364 1779

2365 1779

2366 1922
2366 1780
2366 3121

2367 1780

2368 1780

2369 1780

2370 1780

2371 1780

2372 1780

2373 3122
2373 1781

2374 1782

2375 1782

2376 1783

2377 1784

2378 1868
2378 1784

2379 1784

2380 1784

2381 1785

2382 1785

2383 1785

2384 3123
2384 1788

2385 1898
2385 1788
2385 1847

2386 1788

2387 1789
2387 3124

2388 1790

2389 1790

2390 3125
2390 1790

2391 1791

2392 1792

2393 1792

2394 1793

2395 1793

2396 1793

2397 1793

2398 1793

2399 1793

2400 1793

2401 1793

2402 1793

2403 1793

2404 1797
2404 1941

2405 1797

2406 1797

2407 1797

2408 1797

2409 1797

2410 1797

2411 1797

2412 1797

2413 1798

2414 1798

2415 1798

2416 1798

2417 1798

2418 1799

2419 1799

2420 1799

2421 1799

2422 1799

2423 1799

2424 1799

2425 1799

2426 1799

2427 1799

2428 1799

2429 1799

2430 1799

2431 1801

2432 3085
2432 1801

2433 1801

2434 1801

2435 1801

2436 1801

2437 1801

2438 1803

2439 1803

2440 1803

2441 1803

2442 1803

2443 1803

2444 1804

2445 3126
2445 1804

2446 1804

2447 1804

2448 1804

2449 3122
2449 1805

2450 1805

2451 1805

2452 1805

2453 1805

2454 1806

2455 3127
2455 1807

2456 3128
2456 1807

2457 3129
2457 1807

2458 1809

2459 1809
2459 3130

2460 3093
2460 1809

2461 1809

2462 1809

2463 1810

2464 1812
2464 1810

2465 1810

2466 1810

2467 1810

2468 1810

2469 1810

2470 1810

2471 1810

2472 1811

2473 1811

2474 1812

2475 1928
2475 1812

2476 1928
2476 1812

2477 1812

2478 1868
2478 1812
2478 1919

2479 1812

2480 1812

2481 1812

2482 1812

2483 1812

2484 1812

2485 1868
2485 1813

2486 1813

2487 1813

2488 3131
2488 1953
2488 1814

2489 1814

2490 1814

2491 1814

2492 1814

2493 1814

2494 1814

2495 1814

2496 1817

2497 1817

2498 1817

2499 1817

2500 1817

2501 1817

2502 1817

2503 1817

2504 1817

2505 1817

2506 1817

2507 1817

2508 1817

2509 1818
2509 3132

2510 1819

2511 1819

2512 1819

2513 1819

2514 1819

2515 1819

2516 1819

2517 1820

2518 1820

2519 1820

2520 1820

2521 1820

2522 1821

2523 1821

2524 1821

2525 1821

2526 1821

2527 1821

2528 1821

2529 1821

2530 1821

2531 1821

2532 1821

2533 1821

2534 1821

2535 1821

2536 1821

2537 1823
2537 3133

2538 1823

2539 1823

2540 1852
2540 1823

2541 1823

2542 1823

2543 1882
2543 1825
2543 3134

2544 1825

2545 1828
2545 1841

2546 1828

2547 1828

2548 1830

2549 1831

2550 1831

2551 1831

2552 1831

2553 1831

2554 1831

2555 1833

2556 1833

2557 1833

2558 1833

2559 1833

2560 1833

2561 1833

2562 1833

2563 1833

2564 1833

2565 1833

2566 1833

2567 1833

2568 1833

2569 1833

2570 1833

2571 1835

2572 1835

2573 1835

2574 1835

2575 1835

2576 1835

2577 1835

2578 1835

2579 1836

2580 1836

2581 1836

2582 1836

2583 1836

2584 1837

2585 1837
2585 3135

2586 3136
2586 1838
2586 3135

2587 3081
2587 1838

2588 1838

2589 1838

2590 1838

2591 1838

2592 1838

2593 1839

2594 1839
2594 3137

2595 1930
2595 1839

2596 1839

2597 1841

2598 1841
2598 3138
2598 1936

2599 1978
2599 1841

2600 1841

2601 1842

2602 3139
2602 1843

2603 1844

2604 1844

2605 1844

2606 1844

2607 1844

2608 1845

2609 1846
2609 3106

2610 1846
2610 1866

2611 1846

2612 1846

2613 1846

2614 1846

2615 1846

2616 1970
2616 1922
2616 1981
2616 1847

2617 1847

2618 1847

2619 1848

2620 1848

2621 1849

2622 1849

2623 1849

2624 1850

2625 1850

2626 1851

2627 1851

2628 1852

2629 1852

2630 1852
2630 1893

2631 1852

2632 1852

2633 1852

2634 1852

2635 1852

2636 1852

2637 1852

2638 1852
2638 1984

2639 1852

2640 1852

2641 1855

2642 1855

2643 1855

2644 1855

2645 1855

2646 1856

2647 1856

2648 1856

2649 1856

2650 1856

2651 1857

2652 1857

2653 1857

2654 1857

2655 1857

2656 1859

2657 1859

2658 1859

2659 1859

2660 1859

2661 1859

2662 1859

2663 1859

2664 1860

2665 1860

2666 1897
2666 1860

2667 1860

2668 1860

2669 1861

2670 1861

2671 1862

2672 1862

2673 1863

2674 1866

2675 1868

2676 1868

2677 1868

2678 1868

2679 1868

2680 1869

2681 1869

2682 1869

2683 1869

2684 1869

2685 1869

2686 1869

2687 1870
2687 3140

2688 1870
2688 3141

2689 1870

2690 1871

2691 1871

2692 1871

2693 1871

2694 1873

2695 1875

2696 1875

2697 1875

2698 1875

2699 1875

2700 1875
2700 3142

2701 1875

2702 1875

2703 1875

2704 1877

2705 1877

2706 1877

2707 1877

2708 1877

2709 1877

2710 1877

2711 1877

2712 1878

2713 1917
2713 1878

2714 1878

2715 1878

2716 1878

2717 1879

2718 1879

2719 1879

2720 1879

2721 1880

2722 1880

2723 1880
2723 3143

2724 1881

2725 1882

2726 1882

2727 1882

2728 1882

2729 1883

2730 1885

2731 1885

2732 1885

2733 1885

2734 1885

2735 1886

2736 1886

2737 1886

2738 1886

2739 1984
2739 1887

2740 1887

2741 1887

2742 1888

2743 1888

2744 1888

2745 1888

2746 1888

2747 1888

2748 1889
2748 3144

2749 1889

2750 1889

2751 1889

2752 1889

2753 1891

2754 1891

2755 1892

2756 1892

2757 1893

2758 1893

2759 1895

2760 1896

2761 1897

2762 1897

2763 1897

2764 1897

2765 1897

2766 1897

2767 1897

2768 1897

2769 1897

2770 1898

2771 1898

2772 1898

2773 1898

2774 1901

2775 1901

2776 3145
2776 1901

2777 1901

2778 1901

2779 1901

2780 1901

2781 1901

2782 1902

2783 1902

2784 1903

2785 1903

2786 1903

2787 1903

2788 1903

2789 1903

2790 1904

2791 1904

2792 1905

2793 1905

2794 1905

2795 1905

2796 1906

2797 1906

2798 1906

2799 1907

2800 1908

2801 1908

2802 1908

2803 1910

2804 1910

2805 1910

2806 1910

2807 1910

2808 1911

2809 1911

2810 1911

2811 1912

2812 1912

2813 1912

2814 1913

2815 1913

2816 1914

2817 1915

2818 1916

2819 1916

2820 1916

2821 1917

2822 1917

2823 1917

2824 1917

2825 1917

2826 1917

2827 1917

2828 1917

2829 1917

2830 1917

2831 1917

2832 1918

2833 1919

2834 1919

2835 1919

2836 1919

2837 1919

2838 1919

2839 1919

2840 1920

2841 1921

2842 1921

2843 1922

2844 1922

2845 1922

2846 1923

2847 1923

2848 1924

2849 1924

2850 1924

2851 1924

2852 1924

2853 3146
2853 1925

2854 1926

2855 1926

2856 1926

2857 1926

2858 1926

2859 1928

2860 1929

2861 1929

2862 1929

2863 1929

2864 3075
2864 1930

2865 1932

2866 1933

2867 1933
2867 3147

2868 1934

2869 1934

2870 1934

2871 1934

2872 1934

2873 1934

2874 1935

2875 1935

2876 1935

2877 1935

2878 1935

2879 1936

2880 1939

2881 1939

2882 1939

2883 1939

2884 1939

2885 1939

2886 1940

2887 1940

2888 1940

2889 1940

2890 1940

2891 1940

2892 1940

2893 1941

2894 1941

2895 1941

2896 1941

2897 3080
2897 1941

2898 1941

2899 1941

2900 1941

2901 1941

2902 1941

2903 1942

2904 1942

2905 1942

2906 1944

2907 1944

2908 1948

2909 1948

2910 1948

2911 1949

2912 1949

2913 1949

2914 1949

2915 1949

2916 1949

2917 1949

2918 1950

2919 1950

2920 1950

2921 1952

2922 1952

2923 1953

2924 1953

2925 1953

2926 1953

2927 1953

2928 1953

2929 1954

2930 1954

2931 1954

2932 1954

2933 1954

2934 1954

2935 1954

2936 1954

2937 1954

2938 1954

2939 3131
2939 1955

2940 1956

2941 3148
2941 3149
2941 1956

2942 1956

2943 1957

2944 1957

2945 1957

2946 1957

2947 1957

2948 1957

2949 1959

2950 1959

2951 1959
2951 3150

2952 1960

2953 1960

2954 1960

2955 1960

2956 1960

2957 1960

2958 1960

2959 1960

2960 1960

2961 1962
2961 3151

2962 1962

2963 1963

2964 1963

2965 1963

2966 1963

2967 1963

2968 3152
2968 1965

2969 1965

2970 1965

2971 1965

2972 1966

2973 1966

2974 1966

2975 1966

2976 1966

2977 1967

2978 1967

2979 1967

2980 1967

2981 1967

2982 1968

2983 1969

2984 1969

2985 1969

2986 1969

2987 1971

2988 1971

2989 1973

2990 1973

2991 1973

2992 1973

2993 1973

2994 1973

2995 1974
2995 3153
2995 3154

2996 1974

2997 1975

2998 1975

2999 1975

3000 1975

3001 1978
3001 3155

3002 1978

3003 1978

3004 1978

3005 1978

3006 1978

3007 1978

3008 1978

3009 1978

3010 1978

3011 1979
3011 3156
3011 3157

3012 1979

3013 1979

3014 1979

3015 1979

3016 1979

3017 1979

3018 1979

3019 1979

3020 1979

3021 1979

3022 1979

3023 1979

3024 1979

3025 1979

3026 1981

3027 1981

3028 1981

3029 1981

3030 1981

3031 1981

3032 1981

3033 1981

3034 1981

3035 1984

3036 1984

3037 1984

3038 1984

3039 1984

3040 1984

3041 1984

3042 1984

3043 1984
3043 3152

3044 1985

3045 1985

3046 1985

3047 1985

3048 1986

3049 1986

3050 1986

3051 1986

3052 1987

3053 1987

3054 1987

3055 1988

3056 1988

3057 1988

3058 1988
3058 3158

3059 1988
3059 3083

3060 1988

3061 1988

3062 1988

3063 1988

3064 1988

3065 1988

3066 1988

3067 1988

3068 1988

3069 1988

3070 1990
3070 3159
3070 3160
3070 3161
3070 3162
3070 3163

3071 2005
3071 3164

3072 2010
3072 3165
3072 3166
3072 3167

3073 3168
3073 2016
3073 2147
3073 3169
3073 3170

3074 3171
3074 3172
3074 2020
3074 3173
3074 3174

3075 2864
3075 3175
3075 2020
3075 3176
3075 3177
3075 3178
3075 3179
3075 3180
3075 3181
3075 3182

3076 2021
3076 3183
3076 3184
3076 3185

3077 3186
3077 2030
3077 3187
3077 3188

3078 3189
3078 2031
3078 3190

3079 2045

3080 2897
3080 2049
3080 3191
3080 3192
3080 3193
3080 3194
3080 3195

3081 3196
3081 2065
3081 2587

3082 2068
3082 3197
3082 3198
3082 3199
3082 3200
3082 3201
3082 3202

3083 3203
3083 3204
3083 2087
3083 3205
3083 3206
3083 2092
3083 3207
3083 3208
3083 3209
3083 3210
3083 3059

3084 2092
3084 3211

3085 2106
3085 3212
3085 3213
3085 3214
3085 3215
3085 3216
3085 2432

3086 2110
3086 3217
3086 3218

3087 2110

3088 3219
3088 2120
3088 3220

3089 3221
3089 3222
3089 3223
3089 3224
3089 3225
3089 2128
3089 3226
3089 3227
3089 3228

3090 2139
3090 3229
3090 3230
3090 3231

3091 2140
3091 3232
3091 3233
3091 3234
3091 3235
3091 3236
3091 3237
3091 3238

3092 3239
3092 2144
3092 3240

3093 2460
3093 2146
3093 3241
3093 3242
3093 3243

3094 3244
3094 3245
3094 3246
3094 2146
3094 3247
3094 3248
3094 3249

3095 2146

3096 2152
3096 3250
3096 3251
3096 3252
3096 3253

3097 2156
3097 3254

3098 2157
3098 3255
3098 3256

3099 2158
3099 3257

3100 3258
3100 2175
3100 3259
3100 3260
3100 3261
3100 3262
3100 3263
3100 3264
3100 3265

3101 3266
3101 2192
3101 3267
3101 3268
3101 3269
3101 3270
3101 3271
3101 3272
3101 3273
3101 3274
3101 3275

3102 3276
3102 2193

3103 2200
3103 2201
3103 3277
3103 3278
3103 3279
3103 3280
3103 3281
3103 3282
3103 3283
3103 3284
3103 3285
3103 3286
3103 3287
3103 3288
3103 3289
3103 3290

3104 2230
3104 3291
3104 3292
3104 3293

3105 2236

3106 2609
3106 2240
3106 3294

3107 2245
3107 3295
3107 3296
3107 3297
3107 3298

3108 3299
3108 2256
3108 3300
3108 3301
3108 3302
3108 3303
3108 3304
3108 3305
3108 3306

3109 2265
3109 3307
3109 3308
3109 3309
3109 3310
3109 3311
3109 3312

3110 2282
3110 3313
3110 3314
3110 3315
3110 3316
3110 3317
3110 3318
3110 3319

3111 2283
3111 3320
3111 3321

3112 2283

3113 3322
3113 3323
3113 2283

3114 3324
3114 3325
3114 3326
3114 3327
3114 3328
3114 3329
3114 2293
3114 3330
3114 3331

3115 2296
3115 3332
3115 3333
3115 3334
3115 3335
3115 3336
3115 3337
3115 3338
3115 3339
3115 3340
3115 3341
3115 3342

3116 2296
3116 3333
3116 3343
3116 3344
3116 3345
3116 3346
3116 3347
3116 3348
3116 3349

3117 3350
3117 2328
3117 3351
3117 3352

3118 2336
3118 3353
3118 3354
3118 3355
3118 3356
3118 3357
3118 3358

3119 2336

3120 2349
3120 3359
3120 3360
3120 3361
3120 3362
3120 3363

3121 2366

3122 3364
3122 3365
3122 3366
3122 3367
3122 2373
3122 2449
3122 3368
3122 3369
3122 3370
3122 3371
3122 3372
3122 3373
3122 3374

3123 2384
3123 3375

3124 2387
3124 3376

3125 2390
3125 3377
3125 3378
3125 3379

3126 3380
3126 3381
3126 3382
3126 2445
3126 3383

3127 2455
3127 3384
3127 3385

3128 2456
3128 3386
3128 3387
3128 3388

3129 2457
3129 3389

3130 2459
3130 3390
3130 3391
3130 3392
3130 3393
3130 3394
3130 3395

3131 2939
3131 3396
3131 2488
3131 3397
3131 3398

3132 3399
3132 2509
3132 3400

3133 2537
3133 3401

3134 2543
3134 3402
3134 3403

3135 2586
3135 2585
3135 3404
3135 3405

3136 3406
3136 3407
3136 3408
3136 3409
3136 3410
3136 3411
3136 3412
3136 3413
3136 3414
3136 3415
3136 2586
3136 3416
3136 3417
3136 3418
3136 3419
3136 3420

3137 2594

3138 2598

3139 2602
3139 3421
3139 3422
3139 3423

3140 2687
3140 3424
3140 3425

3141 2688
3141 3426

3142 3427
3142 2700
3142 3428
3142 3429
3142 3430

3143 3431
3143 3432
3143 3433
3143 2723

3144 3434
3144 3435
3144 2748

3145 2776

3146 3436
3146 3437
3146 3438
3146 3439
3146 2853
3146 3440
3146 3441

3147 3442
3147 2867
3147 3443
3147 3444
3147 3445
3147 3446
3147 3447

3148 3448
3148 3449
3148 3450
3148 3451
3148 2941
3148 3452
3148 3453
3148 3454
3148 3455
3148 3456
3148 3457
3148 3458
3148 3459

3149 3449
3149 2941
3149 3460
3149 3461
3149 3462
3149 3463

3150 2951
3150 3464
3150 3465
3150 3466

3151 2961
3151 3467
3151 3468
3151 3469
3151 3470
3151 3471

3152 2968
3152 3472
3152 3473
3152 3043
3152 3474
3152 3475
3152 3476
3152 3477
3152 3478

3153 2995
3153 3479
3153 3480
3153 3481
3153 3482
3153 3483
3153 3484

3154 3485
3154 3486
3154 3487
3154 2995

3155 3488
3155 3001
3155 3489
3155 3490

3156 3491
3156 3492
3156 3011
3156 3493

3157 3011
3157 3494
3157 3495
3157 3496
3157 3497
3157 3498

3158 3499
3158 3500
3158 3058
3158 3501
3158 3502
3158 3503
3158 3504
3158 3505
3158 3506
3158 3507
3158 3508
3158 3509
3158 3510
3158 3511
3158 3512
3158 3513
3158 3514
3158 3515
3158 3516
3158 3517
3158 3518
3158 3519
3158 3520
3158 3521
3158 3522
3158 3523
3158 3524
3158 3525
3158 3526
3158 3527

3159 3070

3160 3070

3161 3070

3162 3070

3163 3070

3164 3071

3165 3072

3166 3072

3167 3072

3168 3073

3169 3073

3170 3073

3171 3074

3172 3074

3173 3074

3174 3074

3175 3075

3176 3075

3177 3075

3178 3075

3179 3075

3180 3075

3181 3075

3182 3075

3183 3076

3184 3076

3185 3076

3186 3077

3187 3077

3188 3077

3189 3078

3190 3078

3191 3528
3191 3080

3192 3080

3193 3080

3194 3080

3195 3080

3196 3081

3197 3082

3198 3082

3199 3082

3200 3082

3201 3082

3202 3082

3203 3083

3204 3083

3205 3083

3206 3083

3207 3083

3208 3083

3209 3083

3210 3083

3211 3084

3212 3085

3213 3085

3214 3085

3215 3085

3216 3085

3217 3086

3218 3086

3219 3088

3220 3088

3221 3089

3222 3089

3223 3089

3224 3089

3225 3089
3225 3529

3226 3089

3227 3089

3228 3089

3229 3090

3230 3090

3231 3090

3232 3091

3233 3091

3234 3091

3235 3091

3236 3091

3237 3091

3238 3091

3239 3092

3240 3092

3241 3093

3242 3093

3243 3093

3244 3094
3244 3530

3245 3094
3245 3531

3246 3094

3247 3094

3248 3094

3249 3094

3250 3096

3251 3096

3252 3096

3253 3096

3254 3097

3255 3098

3256 3098

3257 3099

3258 3100

3259 3100

3260 3100

3261 3100

3262 3100

3263 3100

3264 3100

3265 3100

3266 3101

3267 3101

3268 3101

3269 3101

3270 3101

3271 3101

3272 3101

3273 3101

3274 3101

3275 3101

3276 3102

3277 3103

3278 3103

3279 3103

3280 3103

3281 3103

3282 3103

3283 3103

3284 3103

3285 3103

3286 3103

3287 3103

3288 3103

3289 3103

3290 3103

3291 3104

3292 3104

3293 3104

3294 3106

3295 3107
3295 3532

3296 3107

3297 3107

3298 3107

3299 3108

3300 3108

3301 3108

3302 3108

3303 3108

3304 3108

3305 3108

3306 3108

3307 3109

3308 3109

3309 3109

3310 3109

3311 3109

3312 3109

3313 3110

3314 3110

3315 3110

3316 3110

3317 3110

3318 3110

3319 3110

3320 3111

3321 3111

3322 3113

3323 3113

3324 3114

3325 3114

3326 3114

3327 3114

3328 3114

3329 3114

3330 3114

3331 3114

3332 3115

3333 3115
3333 3116

3334 3115

3335 3115

3336 3115

3337 3115

3338 3115

3339 3115

3340 3115

3341 3115

3342 3115

3343 3116

3344 3116

3345 3116

3346 3116

3347 3116

3348 3116

3349 3116

3350 3533
3350 3117

3351 3117
3351 3534

3352 3117

3353 3118

3354 3118

3355 3118

3356 3118

3357 3118
3357 3535

3358 3118

3359 3120

3360 3120

3361 3120

3362 3120

3363 3120

3364 3122

3365 3122

3366 3122
3366 3536

3367 3122

3368 3122

3369 3122

3370 3122

3371 3122

3372 3122

3373 3122

3374 3122
3374 3537

3375 3123

3376 3124

3377 3125

3378 3125

3379 3125

3380 3126

3381 3126

3382 3126

3383 3126

3384 3127

3385 3127

3386 3128

3387 3128

3388 3128

3389 3129

3390 3538
3390 3130

3391 3130

3392 3130

3393 3130

3394 3130

3395 3130

3396 3131

3397 3131

3398 3131

3399 3132
3399 3539

3400 3132

3401 3133

3402 3134

3403 3134

3404 3135

3405 3135

3406 3136

3407 3136

3408 3136

3409 3136

3410 3136

3411 3136

3412 3136

3413 3136

3414 3136
3414 3540

3415 3136

3416 3136

3417 3136
3417 3541

3418 3136

3419 3136

3420 3136

3421 3139

3422 3139

3423 3139

3424 3140

3425 3140

3426 3141

3427 3142

3428 3142

3429 3142

3430 3142

3431 3143

3432 3143

3433 3143

3434 3144

3435 3144

3436 3146

3437 3146

3438 3146

3439 3146

3440 3146

3441 3146

3442 3147

3443 3147

3444 3147

3445 3147

3446 3147

3447 3147

3448 3148

3449 3149
3449 3542
3449 3148

3450 3543
3450 3148

3451 3543
3451 3148

3452 3148

3453 3148

3454 3148

3455 3148

3456 3148

3457 3148

3458 3148

3459 3148

3460 3149

3461 3149

3462 3149

3463 3149

3464 3150

3465 3150

3466 3150

3467 3151

3468 3151

3469 3151

3470 3151

3471 3151

3472 3152

3473 3152

3474 3152

3475 3152
3475 3544

3476 3152

3477 3152

3478 3152

3479 3153

3480 3153

3481 3153

3482 3153

3483 3153

3484 3153

3485 3154
3485 3545

3486 3154

3487 3154

3488 3155

3489 3155

3490 3155

3491 3156

3492 3546
3492 3156

3493 3156

3494 3157

3495 3157
3495 3547

3496 3157

3497 3157

3498 3157

3499 3158

3500 3548
3500 3158

3501 3158

3502 3158

3503 3158

3504 3158

3505 3158

3506 3158

3507 3158

3508 3158

3509 3158

3510 3158

3511 3158

3512 3158

3513 3158

3514 3158

3515 3158

3516 3158

3517 3158

3518 3158

3519 3158

3520 3158

3521 3158

3522 3158

3523 3158

3524 3158

3525 3158

3526 3158

3527 3158

3528 3191
3528 3549
3528 3550

3529 3551
3529 3225
3529 3552
3529 3553
3529 3554
3529 3555
3529 3556

3530 3557
3530 3244
3530 3558

3531 3245
3531 3559

3532 3295
3532 3560
3532 3561

3533 3350
3533 3562
3533 3563
3533 3564
3533 3565

3534 3351
3534 3566
3534 3567

3535 3357

3536 3366

3537 3374

3538 3568
3538 3569
3538 3390
3538 3570
3538 3571
3538 3572
3538 3573
3538 3574

3539 3575
3539 3576
3539 3577
3539 3399

3540 3414
3540 3578

3541 3417
3541 3579

3542 3449
3542 3580

3543 3450
3543 3451
3543 3581
3543 3582
3543 3583
3543 3584
3543 3585
3543 3586

3544 3587
3544 3475
3544 3588
3544 3589
3544 3590
3544 3591

3545 3485
3545 3592

3546 3593
3546 3594
3546 3595
3546 3492
3546 3596
3546 3597
3546 3598

3547 3495
3547 3599
3547 3600

3548 3601
3548 3602
3548 3603
3548 3604
3548 3605
3548 3606
3548 3607
3548 3608
3548 3609
3548 3610
3548 3611
3548 3612
3548 3613
3548 3500
3548 3614

3549 3528

3550 3528

3551 3529

3552 3529

3553 3529

3554 3529

3555 3529

3556 3529

3557 3530

3558 3530

3559 3531

3560 3532

3561 3532

3562 3533

3563 3533

3564 3533

3565 3533

3566 3534

3567 3534

3568 3538

3569 3538

3570 3538

3571 3538

3572 3538

3573 3538

3574 3538

3575 3539

3576 3539

3577 3539

3578 3540

3579 3541

3580 3542

3581 3543

3582 3543

3583 3543

3584 3543

3585 3543

3586 3543

3587 3615
3587 3544

3588 3544

3589 3544

3590 3544

3591 3544
3591 3616

3592 3545

3593 3546

3594 3546

3595 3546

3596 3546

3597 3546

3598 3546

3599 3547

3600 3547

3601 3548

3602 3548

3603 3548

3604 3548

3605 3548

3606 3548

3607 3548

3608 3548

3609 3548

3610 3548

3611 3548

3612 3548

3613 3548

3614 3548

3615 3587
3615 3617

3616 3591
3616 3618
3616 3619
3616 3620

3617 3615

3618 3616

3619 3616

3620 3616

