0  1448
0  1610
0  220
0  1781
0  730
0  143
0  412
5  592
5  1251
5  1558
6  90
6  410
6  102
6  727
8  647
10  758
10  1441
11  634
11  460
12  1553
13  993
13  1710
14  290
14  964
14  647
14  1078
14  445
14  735
15  282
15  401
16  1784
16  99
16  1107
17  298
17  1219
17  1978
17  1810
18  1650
19  62
19  774
20  1372
20  807
21  1409
21  1870
21  1089
22  1712
22  1629
23  1734
23  1415
24  1608
24  330
24  1475
24  1134
24  511
25  1785
25  318
25  1269
26  87
27  867
28  498
28  1146
29  1981
29  772
30  736
30  318
31  75
31  1940
31  1475
32  721
32  1231
32  751
32  1809
32  311
32  731
32  607
33  368
33  1067
34  998
35  1425
35  550
35  1791
36  1488
36  631
37  58
38  54
38  604
38  979
39  1275
40  374
40  1807
41  1079
41  486
41  1271
42  1121
42  770
42  1175
43  1214
44  1361
44  711
45  1926
45  535
46  1713
46  1977
47  537
47  1632
47  1982
48  426
48  1110
48  1231
49  188
49  639
50  1640
50  1917
51  706
51  1414
51  1834
51  333
51  315
51  1630
52  1297
52  1060
52  1316
53  1121
53  382
53  1309
53  486
53  535
55  1466
55  207
55  538
55  862
55  1495
56  1611
56  1102
57  1649
57  1139
57  141
58  528
58  89
58  834
58  1391
59  1633
60  104
60  1098
60  973
60  125
60  768
62  463
62  550
63  816
63  1782
64  1380
64  431
65  1537
65  1988
66  1579
66  1205
66  1135
67  292
67  1349
67  876
67  1076
67  1585
68  1828
69  1760
69  1553
69  1946
70  1011
70  103
71  966
71  218
71  1967
72  344
72  994
73  1420
74  1116
74  311
74  1007
75  432
75  1148
76  169
77  1704
77  1020
78  909
79  325
79  1759
80  1937
81  996
82  905
82  460
83  735
85  1006
86  269
87  1539
87  1839
88  1515
88  564
88  605
89  1792
89  1393
90  199
91  345
91  1050
92  529
93  961
93  1456
93  1950
95  845
96  1075
96  1246
98  1887
99  185
99  1114
99  837
100  492
100  214
101  501
102  1097
103  1191
106  263
106  1233
106  286
107  1778
107  451
107  418
108  1443
109  1488
109  726
109  335
110  170
110  1427
110  732
111  1816
112  357
113  1293
114  514
114  551
114  1964
114  133
114  923
115  619
115  1580
116  761
116  807
117  1961
117  965
118  1234
118  1619
119  882
119  588
119  573
120  881
120  1490
121  575
121  604
121  1389
121  242
121  97
121  1755
122  1745
124  1896
125  1386
127  1562
127  1861
127  1259
127  1198
128  1895
128  1451
128  463
129  226
129  868
129  1935
129  516
129  1124
129  539
130  1034
130  158
131  995
132  1571
133  502
134  368
136  1513
136  735
137  426
137  278
137  678
137  1478
138  883
138  1814
142  261
143  830
143  1504
143  1902
143  975
144  1938
144  396
145  1739
145  1895
145  1404
146  1410
146  686
147  1743
149  966
149  647
149  911
149  227
149  1012
149  1115
149  1645
150  1003
151  1530
151  1433
152  722
153  1783
154  1733
154  1581
156  1330
157  1201
157  1826
158  217
158  1100
158  1873
159  1800
159  1747
160  1144
161  1498
161  405
162  660
162  1502
163  676
163  936
163  1706
163  380
163  952
163  1529
164  1169
164  1053
166  1616
167  792
167  1650
167  1973
169  1379
169  1533
170  1754
171  1346
171  877
172  256
173  212
173  341
174  874
175  938
176  521
176  1126
177  1162
177  900
177  1615
182  403
182  421
182  1295
184  1785
185  745
185  1556
187  360
187  1505
188  392
188  1897
189  1088
189  765
190  978
190  542
191  7
192  1890
192  846
192  302
192  725
192  566
192  252
193  892
193  534
194  482
194  1163
195  1127
196  670
196  806
197  638
198  1889
200  708
200  1301
202  508
202  1487
203  1377
203  231
203  447
204  781
204  1147
204  1931
204  414
205  746
206  1608
206  774
207  179
208  1089
208  1460
208  1228
208  1847
209  1466
209  293
210  1170
213  3
214  1899
216  1033
216  1590
216  1950
217  61
217  1277
219  627
221  1525
221  579
222  1393
222  742
222  1820
223  1988
223  1205
226  663
228  1462
229  1843
229  1295
232  669
232  423
232  647
233  1892
233  1735
234  554
235  953
235  888
235  1453
235  358
237  1864
237  1471
238  744
238  1328
239  1051
239  691
239  1309
240  1545
240  1978
240  797
240  1744
241  1624
241  425
241  1652
242  736
242  481
243  866
243  1555
243  682
244  308
244  1277
244  1630
245  1047
245  1807
246  1633
246  620
247  393
247  756
247  1413
249  1723
249  1709
249  455
250  601
250  317
250  1934
251  97
253  626
253  1411
253  1461
254  1128
254  1984
255  434
256  368
256  1602
256  1398
257  281
257  1171
258  803
259  759
259  1845
259  1197
260  1136
260  298
260  692
261  417
261  513
261  332
261  585
261  1647
261  817
262  281
264  1816
264  456
266  1806
267  801
267  388
267  1934
267  1927
268  1283
268  479
269  578
270  600
270  500
270  800
272  475
272  1727
273  1224
274  1443
274  1165
274  1873
275  1256
277  1233
278  1355
279  881
280  1846
281  1374
282  1282
282  1539
282  1188
282  1580
282  1362
282  1849
282  1883
283  607
284  1566
284  535
286  817
287  1762
287  910
287  959
289  472
289  1989
292  489
292  1429
292  1686
293  419
293  1669
294  744
295  1042
296  860
296  1769
296  1672
296  248
297  713
297  1363
297  447
298  1194
298  1710
298  879
298  1010
299  1568
299  321
299  1098
299  1664
299  901
300  1711
300  758
300  488
301  832
301  497
301  1698
302  1895
304  512
304  1666
305  1795
306  1408
306  1148
307  345
307  1882
307  534
307  1729
308  1392
308  602
311  1809
311  853
312  1185
312  1834
312  810
313  995
314  991
314  1085
315  927
316  387
316  1254
317  1017
317  445
317  885
318  464
318  1379
319  1301
320  825
320  831
320  1053
320  710
320  1660
321  903
322  946
322  1283
322  1115
323  748
323  135
323  1362
324  1937
324  1866
324  869
324  487
325  1384
325  1810
325  861
326  751
326  999
327  218
328  961
328  850
329  1719
330  814
331  1158
333  1385
333  1898
333  1095
334  1258
336  1661
337  165
337  1284
337  397
338  427
338  1523
338  1178
339  1824
339  1942
340  400
340  720
343  1477
343  1350
343  1862
343  422
344  1499
345  1310
346  596
346  1702
347  1152
347  1017
347  1754
347  1805
348  585
348  859
349  1876
350  224
351  866
351  1866
351  773
353  591
354  505
355  2
356  729
356  1205
356  1775
357  1789
357  1462
357  535
358  548
359  391
359  1852
360  1251
361  1897
361  1740
362  449
362  1766
363  1648
364  1829
366  1352
368  1775
368  1780
368  1213
369  639
369  487
371  746
373  1964
374  964
374  1390
378  780
379  578
379  1573
381  1137
382  1274
383  944
383  981
383  1935
384  620
386  1685
387  1866
387  909
387  782
388  737
388  1666
388  1644
388  612
388  1914
389  1125
390  1842
390  1850
392  1068
392  685
393  452
394  1036
394  957
394  1039
395  1479
395  183
396  1696
396  1175
397  1150
397  1682
397  1022
398  1376
398  1876
398  1822
399  1200
402  1170
403  422
403  415
404  1283
405  1039
407  1152
407  722
408  1440
408  938
408  1173
410  1515
411  1580
411  1701
412  517
412  1086
413  1425
414  1280
416  1436
417  1603
417  1915
419  1405
420  635
420  1182
421  902
422  1174
423  627
423  666
423  1131
423  1206
424  1755
424  1492
424  1511
425  1119
427  608
427  1059
428  1228
428  1003
430  1057
430  418
431  1304
432  590
432  1687
433  784
433  593
433  1305
435  1668
436  952
436  168
441  1515
441  1988
442  1576
442  1860
443  620
445  1243
445  1812
446  913
446  1396
447  1317
447  1351
448  1615
451  1964
454  1214
454  907
455  836
455  775
455  715
455  1710
455  9
457  1012
459  1584
459  434
459  720
459  1470
460  309
462  1448
464  1299
464  1659
465  991
465  1603
465  833
466  1909
467  665
467  1457
467  1914
468  1912
468  1638
469  1656
469  1265
469  1867
469  828
470  700
472  1014
472  1799
473  179
474  809
474  1313
475  1736
475  1872
476  1848
476  1905
476  845
476  1423
477  1422
479  1082
479  1451
479  949
480  1208
480  1268
481  1117
482  744
482  1136
483  952
484  690
484  996
484  1334
485  598
486  920
486  973
487  1971
487  1494
489  838
489  1845
489  1622
490  1012
491  1877
492  1566
493  1752
493  1050
493  1876
493  1418
494  1802
495  1760
495  1009
495  596
495  1802
496  1413
496  1015
497  180
498  1732
499  819
499  1894
500  1731
501  528
501  1238
502  630
503  1767
504  1326
505  1874
505  852
506  1652
506  1471
507  1426
509  1809
509  1695
510  1661
511  1440
511  531
514  939
515  1900
517  1395
517  1685
517  1086
519  824
520  1349
521  774
523  1381
524  1774
525  1359
526  1762
526  1503
528  1527
529  1466
529  1829
529  439
530  1430
530  1651
531  1874
531  1505
531  601
533  409
534  1242
534  1476
535  1760
535  1499
536  1929
536  1675
536  1069
536  1654
537  715
541  1483
542  1614
543  924
543  1452
545  1133
546  1567
547  1531
547  1388
548  1110
549  1260
552  1109
552  1845
553  1320
554  1439
554  1245
555  1104
555  1656
555  878
556  1896
556  1804
556  694
558  733
558  1902
558  1975
559  1688
560  1393
561  979
562  968
562  1659
562  1472
562  1889
562  1316
563  820
563  1815
564  579
565  1102
566  1115
567  1419
568  772
569  1030
570  1470
571  958
572  1571
573  1378
573  644
573  1191
573  453
573  409
574  1753
574  1806
574  783
576  1398
577  610
577  1011
578  1645
581  1288
581  1430
582  1425
583  1898
583  1957
584  1373
584  1206
586  372
586  1644
587  1124
588  1970
588  1850
588  866
588  1381
589  897
589  1127
589  1441
589  975
591  794
594  1107
597  1572
597  1278
597  1687
598  1115
599  1083
599  1304
599  1923
600  1450
600  1368
600  1258
600  1510
603  1513
604  178
604  1517
604  689
605  1090
605  4
606  1655
607  844
609  1330
609  1850
609  1790
609  1548
610  1684
611  1027
611  661
611  84
614  1237
615  1378
615  1293
616  1305
616  740
616  1772
616  1854
619  768
619  1394
619  385
619  825
619  1212
620  890
621  1209
622  1067
622  1441
623  1325
624  1099
624  1212
625  1556
626  1479
626  1545
626  1386
626  276
627  1067
627  4
628  1628
628  637
629  1906
629  1972
631  1059
631  1014
632  1129
633  1503
634  1859
635  1765
636  1025
636  1474
638  1560
638  779
640  864
640  913
640  1541
641  1409
641  1061
642  1366
643  1777
643  1725
643  781
644  1883
645  265
645  820
645  1263
646  943
646  1534
647  461
648  1367
649  1227
649  1972
650  1149
654  1609
654  731
654  927
655  696
656  1436
656  1030
657  1810
658  1311
659  1185
659  1224
660  165
660  687
661  1540
661  1837
661  1543
662  1356
662  1974
663  877
664  1034
664  1916
665  1395
665  1031
665  1218
666  1904
666  1531
667  977
667  1484
668  1576
668  1260
668  1436
671  901
671  1867
671  1878
672  3
673  1482
673  1789
674  744
674  701
674  1107
675  1962
676  1320
676  1742
677  225
677  1387
677  987
677  1783
679  1455
679  954
680  705
681  1582
681  1783
683  1118
683  1342
683  861
684  1008
684  1052
685  540
690  449
691  904
691  823
693  1826
695  1628
695  1757
696  1295
697  1766
698  1818
698  959
699  1928
700  702
701  1759
702  1187
702  900
702  1607
703  1312
704  730
704  995
704  1095
704  1634
705  852
705  1935
707  1354
707  1764
708  1397
708  1503
709  1708
710  850
710  1326
711  1917
711  1772
711  488
712  1561
712  1665
714  764
714  285
715  1355
715  1913
717  1810
718  1393
718  930
718  1694
718  1342
719  931
722  1512
722  1338
723  1315
723  887
724  544
728  1830
729  1562
731  1808
731  856
731  527
731  1885
733  806
734  1581
735  1601
735  1738
735  54
735  1392
737  1161
737  1041
738  1683
738  1954
739  943
740  1458
740  1628
741  1203
742  752
742  1461
745  1314
745  1922
746  1735
746  1263
747  955
750  957
751  271
752  1739
753  1384
754  1530
754  1604
754  1367
755  1677
755  409
757  1911
758  522
758  938
759  1955
759  1767
760  1377
760  1210
763  1957
764  1257
764  1948
764  842
766  1185
766  996
766  1156
767  1258
767  1285
769  884
769  1084
770  967
770  995
772  1841
773  342
773  1351
775  832
775  1789
775  1645
776  1929
776  1077
777  1717
777  1291
777  871
778  1705
778  1586
778  1035
778  105
779  1937
782  1930
782  1500
783  365
784  857
784  1394
785  1037
785  1628
785  934
786  1728
787  748
787  1310
788  440
788  974
790  1189
791  458
791  1729
791  846
791  1567
792  1956
793  954
793  919
793  1591
794  984
794  811
794  1780
795  1801
797  894
798  1226
798  1072
798  540
799  1641
799  1204
801  1266
801  1655
802  1128
803  1699
803  1094
803  1991
804  1687
804  980
804  1026
805  579
806  375
808  1282
809  1100
811  1419
811  1853
812  998
812  478
813  1821
815  1114
815  1421
817  7
818  1776
818  1692
818  1748
818  1698
818  1809
820  1362
820  1877
822  991
822  1604
822  1823
824  1668
825  1077
826  1385
826  1412
829  995
829  1468
832  1288
832  800
834  1273
839  1792
841  1392
841  1081
841  1171
842  1120
842  1148
843  1081
845  1568
845  1346
845  596
845  935
847  1776
847  932
848  1788
848  1175
849  1938
851  1559
852  352
853  1288
853  990
854  449
854  1970
854  1203
854  1205
854  1019
855  1427
855  1200
856  1565
856  1954
856  1715
856  1144
857  866
857  1701
858  1779
858  1155
858  1428
858  1178
858  1121
859  1853
860  1895
862  762
863  881
865  1091
865  990
866  1821
866  1720
867  1484
867  1983
871  1403
872  1397
873  1217
873  1746
873  651
875  1468
876  1568
876  1802
876  814
877  1186
877  1354
877  1807
877  1660
879  1940
879  914
880  1304
880  1877
880  1927
881  1536
881  931
881  1574
881  1419
882  516
883  1005
884  1402
884  1667
884  575
884  1902
886  1712
887  1240
887  1166
889  1850
889  1483
889  1071
890  1858
891  1765
895  1537
895  1804
896  1927
898  1262
898  903
899  181
900  1444
900  370
900  1018
900  1468
902  1796
904  1928
905  1496
905  1657
905  1723
906  1962
906  9
908  1588
908  1939
908  271
910  1473
910  2
911  1202
911  1790
912  105
914  1557
915  1775
916  1738
916  449
917  1121
918  1968
918  1976
921  1126
925  1457
926  1256
926  1179
926  1775
928  575
929  1523
929  1015
929  310
929  1807
930  1609
931  1920
931  1507
934  1665
934  1595
934  1137
936  1183
937  1664
937  1345
939  1724
940  1098
940  840
944  1887
945  1168
945  1183
946  1563
946  1983
948  1917
948  796
949  1963
951  1279
951  985
952  1033
953  1098
954  1452
957  1966
959  1160
959  1840
961  1444
962  1728
962  1417
962  1858
962  94
963  155
966  1036
966  1207
969  1904
970  1458
970  1054
971  994
971  1132
972  1214
974  1337
975  1974
976  1212
977  1416
978  1056
978  1202
980  1778
980  1491
980  618
981  1388
981  1535
982  1525
984  1579
984  1190
985  1745
985  960
988  1512
988  1969
988  1174
989  897
989  1169
990  1865
992  1177
994  1104
994  1093
994  1303
995  1968
997  1803
997  1487
999  1433
1001  1434
1001  979
1002  1518
1004  1896
1005  1475
1005  1338
1005  768
1006  1620
1006  1926
1006  1607
1008  1334
1008  236
1009  1105
1012  488
1013  1354
1013  1404
1014  1144
1016  1816
1020  1965
1022  1380
1024  1495
1025  761
1025  1582
1027  1927
1029  1391
1029  1063
1030  932
1030  1470
1032  1679
1034  1555
1035  518
1035  1587
1035  1909
1036  1164
1036  1831
1036  139
1038  1438
1039  456
1040  1498
1040  1286
1042  1018
1042  220
1042  1214
1043  1943
1045  1446
1045  1782
1046  1302
1049  1965
1049  1727
1050  1812
1052  1921
1053  1152
1053  1354
1053  1348
1055  199
1055  1980
1055  488
1057  1330
1057  1187
1058  1663
1059  1857
1059  612
1060  1398
1061  1298
1061  1488
1062  1286
1062  1108
1062  1389
1062  1894
1063  224
1063  1541
1065  1010
1068  1937
1069  1199
1070  1817
1074  1256
1076  579
1076  1577
1077  1880
1077  1198
1077  1967
1078  1092
1081  1942
1081  557
1082  1132
1082  1828
1082  1023
1083  1329
1085  1031
1085  1472
1087  1952
1088  827
1088  1190
1090  1374
1090  1635
1091  1229
1092  1629
1093  1297
1096  1691
1097  1387
1098  1121
1099  1802
1099  768
1099  1527
1099  1212
1099  1438
1101  4
1103  1225
1103  1924
1106  1625
1106  1450
1108  1216
1108  743
1110  1426
1111  1807
1112  1153
1113  1218
1113  1048
1115  1920
1117  1632
1117  1782
1119  1355
1119  1585
1120  1233
1120  1753
1121  1290
1121  1952
1122  1591
1123  1987
1123  1540
1124  1589
1125  1491
1126  1749
1126  1853
1128  1267
1129  1269
1130  1907
1130  1224
1131  1744
1131  1477
1132  1392
1132  1044
1133  1804
1133  1548
1133  1222
1133  1849
1136  947
1136  1853
1138  516
1138  1048
1140  943
1140  1621
1140  1542
1141  1728
1142  1956
1143  821
1143  1836
1145  1585
1145  1959
1146  1688
1146  1639
1147  1170
1147  1460
1149  1386
1149  1873
1151  1598
1152  1335
1154  1659
1155  1281
1155  1580
1155  1620
1155  1369
1155  669
1155  463
1156  1904
1157  1599
1159  1201
1159  1614
1160  1985
1160  1044
1161  1875
1163  1951
1163  1260
1163  1934
1164  1698
1172  1576
1172  800
1173  1617
1173  1961
1173  1437
1175  1435
1176  1385
1176  1690
1176  1743
1177  452
1179  1465
1180  1026
1182  1665
1184  1393
1184  1876
1184  1431
1189  1722
1189  1435
1190  1272
1190  1686
1192  947
1193  831
1195  1582
1195  1506
1196  1334
1197  1956
1198  1593
1198  1387
1198  1214
1202  1969
1204  1595
1204  1732
1206  1760
1206  1833
1206  1495
1208  1710
1209  1833
1212  201
1213  1954
1217  1858
1217  1361
1217  781
1218  780
1219  1228
1219  1519
1220  1390
1221  1586
1221  1742
1223  1261
1223  1423
1226  1317
1228  1633
1230  1751
1231  780
1231  1400
1233  225
1233  1750
1235  1489
1235  1310
1235  1959
1236  1094
1237  1393
1238  1610
1238  762
1239  1979
1240  230
1241  385
1241  1266
1241  1456
1243  1522
1244  1542
1245  613
1246  727
1247  376
1247  1517
1248  1571
1248  1759
1249  1637
1249  1822
1250  1816
1250  1497
1250  449
1250  1599
1252  1689
1252  1390
1252  1398
1252  1646
1253  215
1253  958
1256  1585
1262  1352
1263  827
1264  1938
1264  1349
1266  1359
1270  1539
1270  380
1271  727
1272  967
1273  271
1275  1725
1275  1840
1276  1064
1276  1153
1276  1421
1278  1673
1278  183
1280  1459
1282  1615
1283  1948
1286  1420
1287  332
1287  1992
1287  183
1294  1017
1294  1801
1294  1834
1294  1986
1298  1342
1299  1811
1299  960
1300  1337
1300  1826
1302  1569
1305  827
1305  1917
1305  1473
1306  1589
1307  1717
1308  1449
1308  1596
1311  1807
1312  612
1312  1575
1313  1026
1314  1616
1314  1642
1314  1894
1317  1181
1317  1353
1317  1451
1317  1066
1318  1504
1318  409
1318  540
1319  1925
1319  1414
1319  1394
1320  923
1320  1836
1320  579
1321  199
1321  1850
1321  456
1322  4
1323  814
1323  1571
1323  1534
1323  923
1324  1651
1325  1107
1328  1399
1331  135
1331  1860
1332  1513
1333  1761
1334  1348
1334  1303
1335  1960
1336  1377
1337  1442
1337  1845
1339  1561
1339  1612
1340  1518
1342  1080
1343  1794
1343  1363
1343  1807
1344  1597
1344  651
1344  688
1345  1481
1347  720
1348  1915
1351  1500
1354  522
1355  168
1357  1698
1357  1905
1357  1954
1358  1809
1358  846
1360  1570
1361  1054
1362  1607
1363  1396
1363  1509
1364  1958
1364  1919
1365  429
1366  1578
1366  1383
1367  1028
1367  1742
1367  692
1369  1635
1369  1371
1369  1851
1370  1609
1370  1708
1370  955
1370  1524
1371  1947
1372  1974
1376  1089
1379  1409
1380  1478
1381  1725
1381  2
1382  942
1383  1697
1387  1761
1388  1026
1388  1493
1389  1215
1390  426
1390  1773
1390  956
1390  1599
1392  1770
1396  1398
1398  720
1398  716
1399  1829
1401  1506
1401  1026
1403  1799
1404  1224
1405  1296
1405  1709
1406  1467
1406  950
1406  1492
1406  1839
1407  1559
1407  1567
1410  1686
1411  1662
1412  1064
1412  1898
1415  1549
1416  227
1416  986
1417  211
1419  1458
1422  1678
1424  956
1425  835
1425  1918
1426  1777
1429  1736
1432  1673
1434  1910
1435  332
1436  1800
1437  1668
1438  1511
1440  1493
1444  1857
1444  1686
1445  1772
1447  1608
1448  1699
1450  1627
1453  1205
1453  377
1454  1793
1454  7
1459  1893
1460  1650
1462  1701
1463  1528
1463  1546
1463  979
1464  1433
1464  1604
1465  1765
1467  1779
1468  1677
1469  1292
1475  1634
1475  838
1477  1655
1477  1915
1478  1704
1480  1847
1483  1829
1483  1127
1483  1000
1483  1871
1485  1748
1486  1492
1491  1671
1491  1620
1491  749
1495  1019
1496  1604
1496  1813
1498  1430
1501  1828
1503  1770
1507  1153
1508  1651
1509  438
1512  1703
1513  612
1514  458
1517  1643
1518  861
1518  1889
1519  1891
1519  1791
1523  1972
1524  1678
1524  1791
1525  148
1526  1649
1526  1021
1527  924
1527  1794
1527  1533
1528  967
1528  456
1533  1948
1533  1797
1538  1691
1538  1292
1540  1680
1540  1794
1544  84
1545  924
1545  1394
1546  1985
1547  1601
1549  1165
1550  1707
1551  1576
1551  1516
1554  1569
1554  1902
1555  1573
1557  1598
1558  1777
1559  1817
1560  1733
1560  1837
1562  1939
1562  870
1564  1800
1567  1566
1568  761
1569  1899
1570  1224
1572  780
1572  1860
1576  1982
1578  1844
1579  1695
1582  135
1582  265
1582  1026
1583  372
1583  1858
1583  1910
1585  1692
1587  1818
1589  1665
1589  1802
1590  1000
1590  1735
1593  1890
1594  1858
1595  1199
1595  1167
1595  186
1596  478
1598  1636
1599  913
1599  1941
1599  1884
1600  830
1600  1771
1605  1825
1605  893
1605  1095
1609  1815
1610  1520
1612  1910
1613  123
1614  1763
1614  1862
1615  1844
1616  1703
1617  1697
1617  372
1618  1622
1619  1073
1619  1755
1620  861
1620  1898
1620  532
1621  1497
1622  1895
1623  165
1623  1751
1624  1828
1625  1766
1625  810
1626  1116
1630  1933
1631  827
1638  968
1639  1303
1639  688
1639  1232
1640  1774
1642  544
1647  1699
1647  613
1648  1726
1649  1787
1650  1824
1652  1658
1657  1885
1657  1695
1658  595
1659  1224
1660  1883
1661  1694
1662  1242
1662  365
1663  1316
1665  1732
1665  181
1669  1981
1669  1935
1670  1021
1670  1807
1671  1757
1673  941
1674  84
1675  155
1676  429
1676  1677
1677  1019
1677  370
1681  967
1681  212
1684  1693
1685  821
1685  983
1691  1289
1692  1832
1692  1441
1692  1783
1693  932
1696  1953
1697  1296
1697  1886
1697  367
1699  1757
1700  924
1700  444
1701  1738
1702  1010
1706  1956
1706  478
1707  1834
1707  1907
1709  372
1709  456
1710  748
1710  1815
1711  1815
1714  1472
1716  1592
1716  1807
1716  986
1719  538
1719  1901
1719  1394
1721  309
1721  1873
1722  1970
1724  1768
1726  288
1726  1980
1728  7
1729  1079
1730  618
1738  748
1741  1974
1743  1735
1745  1877
1750  450
1750  1862
1752  1934
1756  1879
1758  1293
1759  1269
1759  439
1760  897
1760  1886
1761  1391
1761  1979
1762  1798
1765  1297
1767  1297
1769  1430
1771  1847
1771  653
1776  1989
1777  955
1778  1964
1781  1955
1781  1258
1783  1839
1784  1879
1785  1297
1785  215
1786  1860
1790  1979
1790  1293
1790  1967
1791  1522
1793  687
1795  1072
1796  1279
1797  1072
1804  1566
1806  1943
1814  1851
1815  1904
1817  1194
1819  669
1822  1168
1825  1835
1827  437
1829  1846
1829  927
1835  1433
1835  1066
1837  1953
1838  901
1839  449
1845  1857
1845  1102
1846  437
1846  439
1847  488
1851  1292
1852  1100
1853  1990
1855  84
1855  365
1856  4
1857  199
1858  199
1860  941
1861  901
1863  1937
1865  453
1867  1072
1867  922
1870  1064
1871  1211
1881  1167
1882  1982
1888  1310
1891  1935
1893  1956
1894  1291
1897  819
1898  979
1899  231
1900  1915
1903  1290
1905  1989
1907  831
1908  1102
1911  140
1912  1653
1919  922
1923  888
1926  1869
1927  706
1932  1304
1932  1552
1935  1167
1936  426
1936  1842
1936  613
1942  1984
1943  84
1945  1391
1946  1019
1947  375
1953  780
1962  271
1965  1987
1969  1100
1970  819
1972  230
1976  1922
1980  1826
1984  1289
1988  955
1  1200
3  527
4  1917
7  1476
94  913
123  1820
126  199
139  1836
139  453
140  1884
155  1018
165  1592
165  933
179  1682
179  1269
180  1327
199  367
201  1375
224  1476
236  780
236  1836
271  831
291  1297
303  1303
342  409
352  1296
375  983
376  1868
385  1289
391  471
406  418
438  1606
453  1755
453  1799
463  1964
544  1779
579  1944
579  1255
580  1255
617  781
617  1488
618  1109
652  1095
653  1679
653  1493
688  1084
727  1667
762  920
762  1476
768  1975
771  1884
789  1532
814  942
833  1017
835  1859
874  1018
922  1914
923  1975
947  1958
968  1712
993  1949
996  1100
998  1158
1003  1718
1019  1341
1019  1102
1037  1095
1086  1100
1100  1461
1158  1289
1158  1876
1200  1211
1200  1924
1205  1255
1242  1821
1279  1735
1297  1522
1455  1917
1472  1737
1497  1515
1521  1954
1532  1581
1548  1958
1553  1826
1720  1977
1803  1981
1826  1864
1830  1873
1873  1876
1874  1884
