0  569
0  955
1  1453
3  939
4  1474
4  421
4  509
4  653
5  1032
5  156
5  1516
5  1181
7  274
7  1044
8  530
8  343
8  538
8  1407
12  1092
13  1065
13  1035
14  1257
14  1515
14  492
15  1358
15  1238
16  1265
16  957
17  248
17  981
17  224
18  1440
18  1154
20  520
21  865
22  331
24  800
24  529
24  958
24  440
25  1134
25  53
25  1158
25  1319
27  900
27  1231
28  1326
28  1271
29  1359
29  554
30  622
31  787
31  1248
32  441
33  625
35  688
35  1472
35  1477
37  1336
37  395
39  239
39  815
40  495
41  522
41  1012
42  1281
42  1112
42  364
44  1526
45  384
45  1048
45  538
45  1204
45  622
46  789
46  1406
47  342
47  1241
48  1002
49  946
50  945
50  261
50  738
52  327
52  249
52  1506
52  703
54  1001
55  692
56  270
56  388
56  63
60  364
60  1483
62  603
64  1352
64  687
65  515
66  976
68  232
69  1254
69  1463
70  1553
70  1098
70  809
72  1450
74  1514
74  1231
75  658
75  926
77  562
77  998
78  900
78  1150
79  579
79  767
80  449
82  184
82  1068
83  187
84  1491
84  259
86  1445
87  669
87  1153
87  1381
87  558
87  137
88  145
88  235
88  556
89  384
89  127
90  482
90  940
91  98
94  1249
94  924
95  1330
95  483
96  803
96  1073
96  1274
97  114
97  1323
97  1396
101  1467
103  1390
104  1287
104  165
104  990
105  528
105  212
107  1178
107  1113
112  1041
112  1196
112  1550
113  143
114  1421
115  267
116  1044
116  685
118  444
118  901
118  598
118  511
119  1310
119  831
120  416
120  861
121  1275
121  1260
121  430
122  321
122  102
122  1115
122  931
123  167
123  1548
126  571
126  876
126  451
126  526
127  1435
127  827
127  961
128  1191
128  1479
131  1169
131  787
131  141
132  1272
132  1371
132  1436
132  981
133  922
138  779
138  1484
139  1539
139  964
139  318
139  151
143  896
143  1389
143  461
144  304
144  1061
144  1222
146  1447
148  342
149  711
150  455
150  1352
150  1280
151  646
151  1535
153  592
153  889
154  821
154  1549
154  710
156  234
156  852
157  694
158  1458
159  760
159  534
159  1509
159  615
161  1154
161  155
161  1069
162  792
163  729
163  743
164  1012
165  504
165  170
165  1337
168  174
168  531
169  1548
170  553
171  497
171  386
171  1153
172  454
172  1129
173  1386
173  1245
173  942
175  342
175  634
175  1125
175  988
178  1556
178  1154
178  427
178  1410
179  577
181  360
181  1226
181  1124
182  892
183  1164
185  1414
186  679
188  1534
188  1500
189  423
189  959
189  1333
189  551
192  1509
193  1108
193  1135
194  1482
195  1546
196  93
197  581
198  425
198  1010
198  1476
203  1429
203  1463
205  1411
207  696
209  837
209  902
211  1220
213  792
213  1120
215  1539
216  806
217  254
220  1204
220  1439
221  236
221  507
222  942
223  1209
223  943
225  325
226  902
226  408
227  691
228  673
229  395
232  1168
232  930
232  1198
232  727
233  1228
233  867
235  252
235  885
237  1121
237  1531
237  1374
240  608
242  567
243  657
243  1051
244  1207
245  1299
245  661
250  654
250  813
251  231
251  283
251  373
251  621
252  1237
252  1559
253  972
254  1398
255  1005
256  322
257  747
260  202
264  406
267  1449
267  794
267  1563
267  1465
268  877
269  1151
271  1162
271  34
272  1167
274  1095
274  606
275  484
275  1138
278  1139
280  468
281  549
281  358
282  293
285  799
286  728
286  409
286  870
287  1323
288  317
288  901
291  1539
291  892
293  1440
293  890
294  1550
295  382
298  977
299  444
299  1470
302  1211
302  902
302  1390
305  812
305  224
307  1089
308  659
309  475
309  934
309  199
311  595
311  200
313  1504
314  1422
314  259
315  451
315  382
317  625
317  340
317  1048
318  1373
318  550
320  1026
320  1525
321  1324
321  333
321  1351
327  1128
329  379
330  529
332  972
333  656
334  265
334  214
335  1391
336  352
338  552
338  1409
339  1028
339  1076
339  1082
343  1251
343  650
343  202
344  696
344  435
347  1152
347  1066
347  869
347  975
348  1232
348  1080
348  1070
348  1419
350  1460
350  262
355  1024
355  609
355  1379
355  1406
355  1081
358  443
359  1242
359  1027
359  829
359  187
361  784
363  376
365  478
365  1145
365  711
368  532
368  331
370  1552
371  1268
371  445
371  1345
372  1300
372  941
372  6
374  1056
374  900
374  23
376  594
377  1125
377  1454
378  1401
379  986
379  1362
379  542
382  721
382  1351
386  450
387  1018
387  496
388  1458
389  1552
389  760
390  841
390  160
390  364
391  949
391  632
396  528
397  856
398  1190
398  1135
401  1006
401  1236
402  1513
402  1101
405  639
406  1332
407  671
407  1004
407  498
409  605
409  822
411  1204
411  1357
414  1354
416  1038
416  565
416  1286
416  1397
417  937
417  1388
418  441
418  815
419  1360
421  1046
423  601
423  1078
425  1020
426  572
426  1309
427  768
429  905
429  26
429  776
429  1172
431  1219
431  1341
432  904
432  1342
432  1198
433  937
435  666
436  1068
436  61
436  1332
437  1442
441  952
441  828
445  473
445  289
447  940
448  1251
448  166
453  469
453  1349
457  1049
457  471
458  1535
460  76
464  1433
464  629
464  925
468  680
468  1063
468  519
469  1056
470  1518
471  1224
471  1573
471  36
473  679
474  1560
474  1409
474  270
474  1031
476  1089
477  1304
479  1489
479  502
481  1203
482  1200
485  1107
485  719
486  618
487  1124
487  1302
489  1296
489  575
491  1059
491  1037
492  617
492  1203
492  141
495  1422
497  872
497  328
499  524
499  1491
503  661
506  811
506  1430
508  832
508  882
508  1093
510  1161
511  451
512  1236
512  989
512  1053
513  824
514  707
514  1494
514  591
515  576
515  684
517  1528
517  630
518  1468
518  1269
518  1395
520  647
521  865
521  554
521  337
522  1544
522  466
522  442
525  1235
525  926
528  1360
530  689
531  962
531  420
532  856
533  1197
535  451
536  375
539  1281
539  1520
539  619
539  1495
540  337
540  292
544  701
544  1117
545  1245
546  824
546  936
546  1503
547  901
548  1346
548  639
548  1077
549  1489
550  1291
550  1532
551  167
551  1545
551  1045
554  753
554  715
554  99
555  306
555  1563
556  816
561  1324
564  617
564  879
565  577
565  578
567  1146
567  563
569  1416
569  932
569  1166
569  1465
573  1246
573  802
574  1233
574  444
575  664
575  1415
575  325
576  349
577  1576
577  316
577  919
581  658
581  224
582  1443
582  1079
583  1441
583  839
583  1021
583  1575
584  152
584  1107
585  1532
585  1051
586  764
587  1216
587  622
591  1479
592  725
592  860
592  1068
593  1579
593  681
596  1176
596  1083
597  1153
597  1083
598  247
600  1079
602  1269
603  1385
604  945
605  784
605  1117
606  1539
607  147
607  1143
611  721
612  1331
612  950
613  1424
614  1069
616  1064
616  1523
619  714
619  394
620  279
621  1072
621  733
623  1560
623  670
625  73
626  352
627  467
628  652
628  726
630  1298
633  1209
633  412
635  1333
638  1548
641  1496
642  688
649  1097
649  895
650  963
651  246
652  1431
652  1113
653  1218
653  356
653  1110
653  1234
655  1256
656  968
656  364
656  1042
657  1418
657  160
657  1002
661  1491
661  854
661  1533
662  852
665  1538
665  296
665  741
666  1265
667  675
668  905
668  1428
668  102
668  1156
669  1531
671  1342
672  684
675  516
675  1540
675  694
675  1427
676  859
677  1567
680  284
685  1294
686  1495
687  1295
690  1344
692  1018
695  578
695  177
698  834
698  1485
698  1207
699  894
699  1223
700  1456
701  748
701  1356
702  729
702  998
703  715
705  1471
708  918
711  422
711  1247
712  1548
714  1095
718  369
719  304
719  1179
720  660
721  589
722  1132
723  140
723  1054
724  1443
728  58
728  915
732  451
734  930
734  239
735  443
736  1075
736  1084
737  1028
737  795
737  1313
739  976
739  1125
740  1272
740  887
740  1087
742  290
742  102
742  1069
744  859
744  1372
744  1409
745  1016
745  1009
748  946
748  1060
748  526
748  1455
749  1309
751  1233
754  971
755  176
755  961
758  273
758  465
759  763
761  1293
761  1101
761  951
762  1176
762  85
763  248
763  1136
763  140
765  472
766  856
766  1481
766  1318
767  1173
768  19
768  1215
771  882
771  1445
774  81
777  1265
777  1086
777  1499
778  455
778  1031
779  1488
780  1384
780  863
781  1536
781  1488
781  798
782  345
782  1226
782  364
784  1094
784  886
784  1320
785  1570
785  434
785  1244
786  443
786  1195
787  648
788  608
788  1355
789  1188
790  1341
790  1575
793  618
793  951
794  81
803  1558
805  643
806  1549
806  224
808  1273
808  1380
808  1470
812  1486
812  351
812  1184
817  1302
819  1511
820  1484
823  1150
824  893
826  1468
827  385
834  1008
834  1247
836  100
836  910
838  1538
838  276
839  1341
842  1469
844  937
844  1390
844  643
845  559
846  76
846  1014
847  1261
848  905
848  1577
849  1560
851  1258
852  818
853  1437
856  1502
861  442
864  1234
866  1241
866  26
866  1348
866  1521
869  319
869  967
869  646
871  1158
874  710
875  375
875  509
876  1428
876  1253
878  691
880  1164
880  1314
882  501
884  366
887  1432
887  659
888  187
888  1139
889  1232
889  1456
889  1334
891  380
891  643
892  1487
893  1290
893  1094
894  206
895  1013
896  1318
896  1439
897  1315
897  1413
897  1533
898  480
899  1368
899  644
899  67
900  466
902  1001
902  682
903  1446
903  1502
906  493
906  983
908  918
909  1424
909  1171
909  1157
912  1164
912  1478
914  1335
914  1132
915  1056
915  1190
916  1205
916  1167
917  997
917  1332
917  2
920  134
922  956
923  200
925  760
925  26
925  1444
926  523
926  507
927  1402
928  1196
929  1194
929  1367
931  362
931  1412
931  1378
931  1343
932  1121
932  975
933  1377
933  1291
933  1129
934  1050
935  1165
937  1504
937  1500
939  1552
940  1403
940  1279
943  1398
943  1494
945  1459
947  953
947  273
947  1513
948  1389
948  259
950  971
950  1580
953  1524
954  9
954  1255
955  1372
955  67
955  772
956  111
958  1358
962  191
964  1524
965  1003
965  92
966  1440
966  1186
966  1175
966  1303
969  980
969  1548
971  1149
973  1440
973  608
973  1218
974  1554
975  1243
975  1348
979  1456
980  1044
982  1149
983  1037
987  1263
987  456
987  825
987  710
991  1342
991  570
992  750
992  1063
993  689
993  1081
993  1500
993  1061
994  1188
995  921
999  1454
1000  1522
1000  1399
1003  357
1004  392
1007  488
1008  1555
1010  1234
1011  1120
1011  854
1013  756
1015  1379
1016  801
1018  1001
1018  1102
1019  1312
1019  1399
1020  342
1020  1127
1021  1169
1022  59
1022  1521
1023  1048
1025  1409
1026  1280
1029  1287
1030  1569
1030  261
1031  960
1033  776
1034  1180
1036  825
1040  1580
1041  1512
1041  1141
1044  1443
1044  415
1044  385
1047  1297
1047  1099
1048  1469
1054  1151
1054  1539
1061  1306
1064  1428
1065  1073
1067  1153
1067  1179
1068  1356
1069  1471
1069  125
1071  1524
1072  323
1074  1192
1078  1370
1084  1369
1084  1058
1084  1128
1085  562
1085  1475
1087  1507
1087  1133
1090  1495
1092  1497
1092  694
1093  1154
1096  1396
1096  1404
1098  1282
1098  1173
1098  1181
1102  1542
1104  1118
1104  913
1105  98
1105  1193
1105  1278
1107  1308
1107  867
1109  1321
1110  1425
1116  1455
1116  660
1116  408
1117  1268
1117  580
1119  59
1119  1491
1122  590
1123  1335
1123  93
1126  438
1126  1429
1126  92
1130  1316
1130  1113
1135  1326
1135  1175
1137  960
1137  449
1138  637
1138  1429
1139  1225
1139  1458
1139  1229
1140  51
1144  265
1146  1575
1147  601
1148  345
1154  108
1158  442
1161  218
1162  238
1163  1060
1165  1537
1166  673
1170  1571
1170  312
1177  236
1177  883
1180  1351
1182  772
1186  769
1187  1338
1187  1352
1192  1321
1192  1408
1192  1573
1193  76
1194  1522
1194  1517
1195  1155
1196  537
1196  764
1198  1261
1198  1278
1199  1088
1199  1478
1200  810
1200  1238
1202  961
1204  746
1205  475
1205  770
1206  963
1206  1295
1208  1345
1209  1197
1210  537
1210  166
1210  1231
1212  770
1214  1363
1217  1552
1217  1043
1217  1392
1220  1225
1220  1142
1221  618
1223  1358
1225  210
1225  1290
1227  501
1228  706
1228  249
1229  1363
1232  1311
1232  1510
1232  1216
1233  1009
1233  873
1233  791
1237  1509
1237  1318
1238  1503
1239  807
1239  862
1240  174
1240  1501
1240  624
1246  1251
1246  1197
1246  200
1247  1508
1247  648
1247  301
1247  1275
1249  797
1249  351
1250  472
1252  403
1252  289
1253  907
1253  1397
1256  1394
1257  1580
1257  124
1258  261
1258  472
1260  1376
1265  484
1267  1550
1268  124
1271  455
1271  1539
1271  1430
1271  527
1276  1415
1276  1091
1277  830
1277  1531
1278  1485
1279  1197
1279  1533
1283  1567
1283  1437
1284  1549
1285  523
1286  1353
1288  713
1288  231
1288  1042
1289  571
1290  337
1292  1009
1294  167
1296  1164
1297  1244
1298  375
1302  1467
1302  1526
1304  568
1304  877
1307  306
1307  1270
1308  1391
1309  984
1313  505
1317  1425
1318  403
1319  1570
1322  1295
1323  1114
1323  349
1325  140
1327  322
1327  289
1329  465
1330  1332
1330  463
1332  57
1337  1114
1337  594
1337  756
1338  1423
1339  261
1340  352
1340  214
1344  1035
1347  81
1349  1578
1351  1259
1354  988
1356  825
1364  1160
1364  1366
1365  639
1366  814
1367  1131
1368  1124
1375  1362
1376  840
1382  1459
1383  1080
1384  1216
1384  1530
1385  1442
1386  631
1388  1454
1390  1491
1390  911
1393  1409
1398  1463
1399  636
1400  637
1400  1535
1401  1314
1402  404
1402  1497
1404  102
1406  1453
1411  1216
1412  204
1414  246
1420  167
1423  129
1423  760
1423  825
1429  136
1429  353
1434  276
1437  34
1442  859
1443  108
1443  835
1446  1498
1447  1216
1448  1581
1448  1039
1450  854
1457  972
1457  877
1457  341
1458  1360
1458  599
1460  1156
1461  456
1464  428
1464  985
1467  1073
1467  399
1473  1533
1479  1353
1480  331
1483  1261
1484  1517
1484  1058
1489  717
1490  1052
1492  246
1493  578
1496  98
1496  984
1505  648
1507  466
1508  346
1510  109
1510  1328
1511  1528
1514  247
1514  1080
1517  415
1518  1568
1518  809
1529  199
1530  1562
1535  1568
1537  1028
1539  1358
1541  328
1544  1551
1545  1543
1546  1363
1547  1482
1547  310
1549  1499
1549  1538
1550  424
1550  970
1552  10
1557  997
1557  201
1560  590
1560  507
1564  1131
1566  352
1566  961
1568  704
1570  1417
1571  816
1571  1145
1571  1533
1574  985
1579  1255
1581  480
6  527
9  1521
9  1520
11  679
19  166
23  1311
23  1269
23  462
26  202
36  1174
36  741
38  1452
43  412
51  1363
57  1255
59  996
61  1528
71  324
71  1328
92  542
92  1261
93  1280
106  1370
108  449
109  303
110  1080
111  456
117  1394
117  259
124  467
125  326
130  341
134  571
135  241
137  818
142  1542
160  526
174  1261
176  541
177  1151
177  825
180  212
187  263
190  1311
204  284
204  1527
206  366
208  1216
208  1156
210  246
214  977
214  1111
218  463
219  312
230  990
231  1255
238  811
239  1100
241  1028
248  1001
258  297
262  682
265  645
265  354
266  716
277  1301
279  610
289  1487
289  716
296  1157
297  1266
297  610
300  410
300  1159
300  446
303  395
304  870
310  1216
312  1408
319  1405
319  563
323  1567
326  814
337  833
342  858
353  428
354  816
354  977
354  1118
357  494
357  1408
367  1001
369  867
375  1451
380  1415
381  1124
383  938
383  1043
393  1270
393  1503
399  843
400  1350
403  1466
410  1106
412  910
412  707
413  1183
415  1245
420  1266
434  1438
439  1270
442  679
443  941
449  1358
449  752
452  1504
455  1504
459  480
461  1519
463  1305
475  730
478  654
488  523
490  1017
490  624
490  868
490  1055
493  1006
493  1499
494  1189
500  831
500  977
509  1201
519  559
519  918
523  1128
543  796
557  818
558  775
560  1001
566  936
578  769
580  960
580  783
580  1301
588  1533
590  725
594  1487
595  629
595  855
632  1370
636  961
640  1287
640  944
643  678
644  796
644  1255
647  1503
654  773
660  1230
663  1243
674  960
674  791
678  879
679  977
682  697
683  1531
689  1213
691  1462
693  1352
694  1095
704  1391
706  757
709  996
731  802
743  1358
747  1042
752  1295
757  977
770  1320
776  1320
795  804
795  879
798  1408
799  1360
804  1179
807  930
814  1459
821  1301
825  1572
825  984
835  1005
840  1103
840  1538
850  1355
857  1548
877  996
881  1095
901  1201
910  1062
921  1462
936  1431
978  988
1009  1527
1039  1094
1042  1413
1042  1100
1050  1082
1050  1499
1051  1185
1052  1112
1057  1419
1057  1083
1079  1561
1080  1245
1080  1183
1088  1350
1089  1359
1113  1155
1124  1520
1143  1230
1145  1476
1151  1219
1159  1230
1216  1248
1219  1563
1243  1282
1248  1462
1262  1395
1264  1554
1266  1353
1305  1452
1328  1477
1346  1362
1346  1554
1361  1428
1387  1391
1426  1488
1499  1565
