643  534
643  1216
643  71
344  612
344  36
344  41
344  380
344  2094
344  915
345  634
345  57
345  672
345  1898
345  521
345  236
346  716
346  8
346  72
346  104
346  129
347  278
347  90
347  398
347  1926
347  133
340  568
340  18
340  41
340  1920
340  2033
340  431
341  22
341  16
341  302
341  35
341  113
341  166
342  155
342  21
342  707
342  968
342  35
342  1013
343  25
343  143
343  846
343  99
343  527
343  68
348  2052
348  1966
348  497
348  311
348  117
349  1296
349  292
349  14
349  35
349  0
627  214
722  547
753  290
790  79
806  49
844  307
910  182
932  3
298  26
298  37
298  789
298  193
298  62
298  1003
299  1051
299  315
299  63
299  116
299  253
299  92
296  215
296  14
296  834
296  35
296  1
296  78
297  1177
297  1225
297  143
297  18
297  378
297  430
294  1338
294  1973
294  1611
294  1452
294  247
294  68
295  142
295  16
295  54
295  2180
295  187
295  84
292  155
292  30
292  29
292  263
292  2097
293  21
293  834
293  31
293  1
293  397
293  97
290  26
290  940
290  121
290  3
290  685
290  658
291  159
291  42
291  456
291  660
291  124
291  1016
291  162
270  574
270  433
270  71
270  112
270  375
270  248
270  232
271  49
271  190
271  219
271  183
271  6
271  1574
271  101
272  318
272  992
272  1181
272  98
272  1768
272  195
272  1390
273  24
273  152
273  28
273  60
273  73
273  71
273  78
274  28
274  331
274  330
274  333
274  108
274  285
274  107
275  626
275  301
275  867
275  0
275  5
275  2173
275  1715
276  967
276  1980
276  54
276  662
276  114
276  2
276  79
277  591
277  17
277  42
277  43
277  1473
277  1507
277  66
278  1205
278  715
278  56
278  6
278  252
278  374
279  881
279  771
279  1189
279  1102
279  135
279  226
279  5
738  93
738  339
941  61
1132  213
1041  201
1119  683
1133  310
1134  319
1139  12
1140  43
1144  76
1150  84
1153  53
1159  1107
1173  110
2189  26
108  24
108  33
108  1580
108  36
108  288
108  117
108  169
108  1909
108  91
108  124
108  329
108  118
108  1751
108  477
109  1884
109  1626
109  141
109  32
109  34
109  1256
109  1918
109  288
109  7
109  103
109  280
109  166
109  800
109  94
109  233
102  11
102  677
102  20
102  19
102  763
102  758
102  1180
102  120
102  61
102  3
102  186
102  6
102  8
102  81
102  87
103  13
103  2055
103  58
103  210
103  406
103  334
103  1548
103  76
103  63
103  111
103  65
103  1907
103  64
103  513
103  512
100  13
100  58
100  16
100  1940
100  1457
100  1308
100  730
100  62
100  89
100  168
100  112
100  8
100  1395
100  800
100  73
100  143
101  1226
101  1306
101  49
101  334
101  57
101  596
101  149
101  1
101  123
101  89
101  326
101  956
101  223
101  197
101  874
106  10
106  338
106  14
106  48
106  16
106  56
106  43
106  321
106  110
106  1935
106  175
106  138
106  85
106  107
106  65
107  1621
107  12
107  46
107  238
107  190
107  192
107  131
107  1115
107  72
107  6
107  124
107  549
107  1927
104  155
104  635
104  17
104  772
104  28
104  1342
104  331
104  1421
104  546
104  239
104  229
104  9
104  220
104  2010
104  85
105  752
105  38
105  1981
105  44
105  42
105  1
105  320
105  2144
105  327
105  7
105  83
105  2
105  250
105  173
105  202
2047  213
2045  586
2042  320
2043  138
2040  205
2041  255
2049  0
99  10
99  39
99  189
99  885
99  664
99  37
99  798
99  657
99  2035
99  137
99  66
99  325
99  9
99  329
99  433
98  153
98  76
98  19
98  311
98  304
98  3
98  172
98  599
98  1542
98  383
98  4
98  531
98  812
98  503
98  1893
91  25
91  138
91  748
91  54
91  44
91  1075
91  540
91  89
91  1591
91  69
91  362
91  8
91  139
91  268
91  167
91  611
90  379
90  12
90  781
90  16
90  1612
90  180
90  1985
90  1
90  0
90  733
90  187
90  933
90  80
90  1661
90  3
93  1212
93  880
93  212
93  210
93  17
93  156
93  16
93  1344
93  45
93  124
93  1759
93  22
93  498
93  167
93  95
93  254
92  154
92  17
92  1353
92  45
92  50
92  1438
92  43
92  537
92  0
92  3
92  1247
92  1512
92  280
92  1562
92  820
92  163
95  1213
95  593
95  12
95  1221
95  17
95  16
95  321
95  860
95  905
95  577
95  1106
95  183
95  2
95  1362
95  4
95  328
94  11
94  147
94  144
94  1897
94  21
94  309
94  638
94  2225
94  26
94  2118
94  76
94  180
94  1114
94  2
94  2000
97  203
97  145
97  2228
97  61
97  18
97  610
97  37
97  565
97  53
97  34
97  473
97  131
97  241
97  487
97  57
96  11
96  1431
96  220
96  1716
96  206
96  31
96  42
96  36
96  40
96  314
96  111
96  737
96  82
96  916
96  2075
96  358
1623  502
1622  170
1993  615
1620  384
1995  401
1997  249
1624  0
1998  728
1628  609
559  153
559  1849
559  659
558  220
558  1938
558  462
555  9
555  1727
555  125
554  1956
554  260
554  2092
557  1186
557  13
557  1999
556  1977
556  176
556  197
551  704
551  262
551  66
550  68
550  26
550  39
553  206
553  477
553  143
552  54
552  130
552  912
1198  71
1191  0
1190  63
1192  86
1195  216
1194  62
1197  12
1196  234
1758  681
1757  27
1755  29
1753  6
1752  12
1750  57
1175  60
1174  522
1172  239
1171  254
1170  37
1179  45
1178  247
511  1428
511  145
511  160
511  87
510  1709
510  683
510  148
510  8
1005  235
1005  1724
644  60
644  2
644  1427
1284  506
1287  201
1004  418
1004  14
1281  918
1280  79
1282  489
515  25
515  144
515  81
515  191
1289  55
1288  233
514  168
514  442
514  205
514  67
1579  1025
1578  48
689  824
689  43
689  1420
688  247
688  251
688  185
685  657
685  1917
1572  18
1571  1
686  2088
686  1248
686  34
681  19
681  44
1576  45
683  18
682  441
682  974
682  4
458  1
458  24
458  1104
458  25
819  8
819  7
1240  411
621  11
621  370
621  61
1224  113
1222  78
624  977
624  15
624  186
407  33
407  1235
407  13
407  1261
407  539
1370  455
1373  519
1372  124
403  1788
403  163
403  28
403  136
403  70
1374  690
1377  30
400  149
400  130
400  1053
400  40
400  1835
1378  28
452  357
452  0
452  62
452  10
409  289
409  132
409  46
409  1474
409  127
408  1426
408  75
408  23
408  86
408  34
1343  396
2192  4
1345  21
456  12
456  2160
456  53
457  19
457  1799
457  1618
457  351
379  1155
379  64
379  604
379  934
378  308
378  214
378  232
378  83
647  748
647  44
647  149
371  32
371  121
371  229
371  84
371  572
370  47
370  394
370  222
370  332
373  11
373  69
373  203
373  620
373  25
372  115
372  845
372  1146
372  385
372  597
375  128
375  1588
375  856
375  358
374  384
374  64
374  22
374  306
377  872
377  930
377  42
377  7
377  359
376  164
376  354
376  124
376  1910
376  85
393  784
393  13
393  241
393  1409
393  266
392  51
392  39
392  645
392  1078
392  695
391  950
391  74
391  213
391  1391
391  1325
390  20
390  2100
390  73
390  265
390  16
397  455
397  20
397  118
397  492
396  573
396  18
396  119
396  804
395  1087
395  62
395  471
395  80
395  636
394  2
394  204
394  426
394  1530
399  571
399  124
399  53
399  7
399  736
398  32
398  72
398  229
398  262
1176  9
1193  32
1199  479
1201  988
1202  12
1214  335
1218  881
245  895
245  840
245  33
245  1283
245  672
245  74
245  420
245  990
244  55
244  122
244  333
244  244
244  117
244  269
244  1740
247  10
247  159
247  1269
247  121
247  410
246  1478
246  1045
246  156
246  46
246  518
246  73
246  71
246  127
241  1217
241  2131
241  1844
241  2095
241  169
241  7
240  1129
240  58
240  581
240  43
240  2183
240  1597
240  181
240  189
243  1619
243  37
243  1874
243  261
243  508
243  8
243  249
243  170
242  155
242  1778
242  40
242  29
242  2037
242  0
242  72
242  460
249  12
249  28
249  520
249  1103
249  70
249  419
248  155
248  207
248  1257
248  534
248  66
248  2
248  167
1227  82
1228  1098
1232  181
1238  52
1242  4
1243  135
1244  44
2048  33
1253  486
1254  192
1262  332
1264  80
1265  28
1285  23
1292  717
179  26
179  38
179  1979
179  668
179  19
179  30
179  1028
179  314
179  174
179  937
178  27
178  15
178  464
178  664
178  617
178  940
178  185
178  82
178  83
178  171
177  1546
177  1460
177  30
177  416
177  732
177  116
177  239
177  134
177  281
177  2064
176  336
176  757
176  1914
176  53
176  192
176  2
176  1015
176  83
176  1598
175  675
175  56
175  1961
175  133
175  61
175  7
175  253
175  539
174  13
174  1834
174  853
174  88
174  424
174  180
174  125
174  1465
174  231
173  152
173  48
173  192
173  472
173  71
173  475
173  2061
173  1013
173  287
172  1814
172  12
172  16
172  702
172  60
172  117
172  2089
172  473
172  9
171  26
171  1780
171  32
171  45
171  42
171  53
171  444
171  445
171  1636
171  187
170  1087
170  199
170  143
170  42
170  455
170  52
170  162
170  71
170  1698
2051  318
2050  310
2053  702
2054  14
2057  18
2056  187
2059  132
2058  302
654  19
654  46
654  28
652  227
652  15
652  1668
653  10
653  15
653  22
1367  110
650  10
650  268
650  5
651  68
651  200
651  300
1976  573
659  280
659  385
1975  415
2063  502
1602  584
1972  47
1971  74
1970  17
1969  263
1616  13
1617  5
1967  10
1613  3
1610  1001
1963  414
1769  873
1762  124
1763  46
1760  757
1761  36
1766  1
1767  333
1765  287
1142  594
1143  188
1141  670
1147  133
1145  9
1148  8
1149  858
769  68
769  256
692  82
692  726
692  118
1547  154
690  657
690  718
691  1869
691  2039
691  67
696  1964
696  947
696  206
697  11
697  443
697  87
1540  202
695  1091
695  34
698  82
698  166
698  485
699  115
699  51
699  837
1549  73
542  1040
542  21
542  2032
543  114
543  191
543  7
540  499
540  1233
541  159
541  217
541  582
546  200
546  970
547  59
547  126
544  1919
544  79
544  78
545  1609
545  13
545  1086
548  216
548  10
548  997
549  284
549  41
1783  367
1784  55
764  268
764  162
1787  316
414  1
414  1913
414  1864
414  156
415  923
415  42
415  53
415  993
416  8
416  3
416  27
416  954
417  313
417  128
417  222
417  1728
417  43
410  24
410  132
410  817
410  710
411  61
411  751
411  1586
411  1860
412  223
412  1853
412  111
412  351
412  1729
413  11
413  261
413  251
413  237
413  637
1384  184
1385  135
1386  3
1387  761
418  1781
418  203
418  14
418  668
419  19
419  86
419  2009
419  919
1382  927
1383  448
368  23
368  1501
368  446
368  1108
368  58
369  19
369  365
369  606
369  148
369  85
366  1418
366  1274
366  988
366  64
366  112
367  1960
367  15
367  712
367  110
364  33
364  2060
364  945
364  142
364  286
365  994
365  44
365  28
365  385
362  1017
362  303
362  957
362  16
363  165
363  258
363  435
363  287
363  8
360  10
360  831
360  162
360  35
360  135
361  18
361  1695
361  58
361  221
361  1653
380  902
380  337
380  339
380  16
381  0
381  31
381  259
381  2076
381  18
382  1816
382  1075
382  156
382  62
382  352
383  11
383  123
383  230
383  2106
384  10
384  484
384  489
385  57
385  1500
386  1164
386  18
386  153
386  909
386  74
387  1614
387  2
387  859
387  2031
387  36
388  1111
388  133
388  13
388  196
388  53
389  1038
389  1435
389  849
389  184
389  127
2190  16
2191  38
258  868
258  33
258  762
258  320
258  6
258  2072
259  569
259  793
259  1302
259  3
259  488
259  1400
2194  5
2195  821
2196  804
2197  186
2198  533
253  12
253  567
253  77
253  522
250  448
250  1276
250  1486
250  123
250  72
250  721
250  1412
251  1593
251  1518
251  122
251  1259
251  501
256  308
256  23
256  1341
256  1071
256  1
256  84
257  1042
257  20
257  868
257  2129
257  617
257  0
257  130
254  38
254  14
254  853
254  4
254  17
255  449
255  1710
255  634
255  731
255  1532
255  1934
2201  227
2202  39
2203  862
2204  615
2206  751
2207  49
2208  870
1300  46
1301  147
2070  13
1307  508
1312  426
1314  41
1331  11
1340  180
900  142
900  198
1349  158
1359  1
901  464
901  719
168  56
168  799
168  2085
168  656
168  3
168  1493
168  4
168  219
168  222
169  11
169  38
169  1223
169  48
169  261
169  1554
169  228
169  1676
169  328
164  10
164  1957
164  156
164  1851
164  1996
164  37
164  662
164  62
164  88
164  528
165  2213
165  24
165  59
165  1323
165  57
165  955
165  1648
165  1895
165  497
165  31
166  818
166  39
166  59
166  1271
166  41
166  1
166  64
166  705
167  49
167  193
167  2
167  5
167  4
167  185
167  161
167  1000
160  1042
160  28
160  57
160  67
160  51
160  406
160  809
160  228
160  44
160  79
161  1324
161  2138
161  37
161  40
161  41
161  351
161  421
161  486
161  980
161  1650
162  632
162  197
162  133
162  2169
162  445
162  67
162  78
163  469
163  338
163  465
163  788
163  614
163  335
163  1126
163  9
163  1414
908  24
908  221
1090  451
1090  2087
679  525
679  5
679  84
1815  2
1817  488
1811  12
1812  13
1813  87
1818  17
1819  73
670  15
670  29
1099  154
1099  207
1608  55
1601  860
1600  322
1603  157
1974  35
1605  18
1604  321
1607  134
1606  29
809  1358
808  122
808  1169
803  1838
803  5
802  158
802  432
801  909
801  315
807  60
807  517
805  80
805  1692
1102  8
1775  150
1774  207
1777  9
1776  29
1771  33
1770  623
1773  192
1772  20
1158  85
1154  475
1157  14
1156  21
1151  33
1152  45
1555  13
1551  57
1553  642
1552  11
59  569
59  142
59  213
59  0
59  1559
59  464
59  57
59  6
59  1988
59  52
59  289
59  77
59  2026
59  666
59  9
59  40
59  483
59  359
58  199
58  154
58  1162
58  628
58  317
58  239
58  25
58  44
58  2154
58  185
58  1297
58  145
58  39
58  57
58  51
58  50
58  31
1557  61
1556  735
54  197
54  190
54  660
54  61
54  88
54  69
54  80
54  119
54  1941
54  402
54  147
54  639
54  1356
54  229
54  129
54  39
54  1640
54  1706
54  50
54  53
57  28
57  117
57  66
57  112
57  42
57  1
57  428
57  180
57  9
57  302
57  671
57  12
57  17
56  199
56  198
56  313
56  2193
56  112
56  69
56  118
56  1059
56  44
56  3
56  1408
56  4
56  286
56  755
56  1792
56  148
56  11
56  1021
56  31
51  602
51  455
51  89
51  83
51  87
51  49
51  1873
51  181
51  1293
51  141
51  39
51  125
51  1675
51  1883
51  1890
51  1026
51  16
51  353
51  47
50  989
50  747
50  68
50  232
50  85
50  693
50  26
50  48
50  1
50  655
50  281
50  146
50  304
50  615
50  227
50  39
50  1044
50  37
50  2020
50  18
50  1007
50  2163
53  2217
53  1327
53  210
53  1080
53  705
53  139
53  1836
53  1057
53  41
53  288
53  320
53  520
53  283
53  128
53  37
52  607
52  744
52  62
52  89
52  112
52  138
52  119
52  48
52  320
52  5
52  184
52  188
52  776
52  12
52  14
52  18
52  34
52  929
52  1411
537  625
537  646
55  88
55  67
55  851
55  28
55  43
55  0
55  8
55  201
55  301
55  1933
55  76
55  1590
55  17
55  16
55  18
55  37
55  131
55  821
535  1483
535  120
535  131
534  15
533  151
533  43
532  785
532  214
532  981
532  852
531  2
531  336
531  1098
530  437
530  512
530  701
530  18
539  49
538  1401
538  145
538  668
1558  1078
536  1007
536  1858
536  492
429  12
429  823
429  17
429  185
428  142
428  20
428  1749
1399  70
1398  136
1397  1
420  38
420  865
420  468
420  17
1394  73
425  9
425  130
425  1425
425  2215
1392  4
2182  948
2181  132
2187  80
2185  622
228  18
228  0
228  655
228  113
228  69
228  129
227  669
227  46
227  18
227  2017
227  268
226  151
226  195
226  32
226  330
226  565
226  6
226  189
225  20
225  896
225  580
225  19
225  1371
225  841
225  6
225  709
2188  214
223  579
223  48
223  211
223  441
223  472
223  88
222  146
222  1543
222  49
222  208
222  66
221  2212
221  1833
221  12
221  202
221  1521
221  8
220  593
220  566
220  470
220  2
220  913
2211  859
2214  184
2219  490
151  144
151  37
151  1125
151  29
151  262
151  88
151  324
151  584
151  34
151  1462
150  15
150  206
150  762
150  41
150  2147
150  876
150  3
150  116
150  132
150  46
150  68
153  60
153  719
153  1022
153  661
153  307
153  115
153  2102
153  1012
153  822
152  22
152  23
152  2046
152  191
152  40
152  77
152  6
152  2
152  478
152  69
155  146
155  15
155  1959
155  1793
155  491
155  1660
154  1850
154  16
154  0
154  180
154  402
154  1376
154  497
157  202
157  15
157  19
157  47
157  332
157  33
157  2122
157  505
157  1272
157  84
156  740
156  708
156  48
156  1347
156  80
156  430
159  746
159  0
159  37
159  447
159  35
159  1822
159  357
159  473
158  10
158  48
158  587
158  42
158  1490
158  1498
158  8
158  282
158  86
1379  23
1407  36
1413  30
1422  11
1712  328
1807  431
1806  14
1805  61
1803  0
1801  773
1808  618
1524  38
1948  516
1949  195
1942  208
1943  137
1946  483
1947  401
1944  184
1945  6
818  13
0  883
0  30
0  749
0  264
0  130
0  82
0  83
0  237
0  626
0  24
0  27
0  1852
0  45
0  42
0  29
0  1
0  2
0  918
0  184
0  6
0  1467
0  308
0  144
0  196
0  142
0  1273
0  589
0  122
0  128
0  11
0  1020
0  121
0  1037
0  438
0  1747
0  1299
0  136
1255  118
2233  78
810  613
810  13
811  76
811  29
812  1066
813  145
813  1034
814  675
814  1924
815  260
815  1439
816  404
816  1686
817  39
1523  6
1491  86
1492  26
1495  18
1497  484
1499  401
423  15
423  38
423  86
423  734
1994  213
1700  12
1701  787
1703  9
1704  323
1625  120
1707  79
1708  865
424  24
424  1955
424  62
427  443
427  25
427  215
427  943
426  667
426  26
1128  951
1120  5
1121  85
1122  148
1123  72
1124  620
1127  825
524  47
524  1875
524  7
524  125
525  1929
525  1932
525  1736
526  19
526  826
526  12
526  130
527  194
527  702
527  334
1018  116
1018  21
1019  478
1019  315
522  146
522  1295
523  487
523  442
523  573
523  1093
1014  33
1014  1012
1015  140
1016  27
1017  899
528  216
528  2068
528  128
529  2073
529  183
529  125
529  359
1234  36
1236  207
1237  325
1230  207
1231  18
1239  112
438  139
438  1725
438  21
439  13
439  267
439  359
439  48
436  69
436  633
436  141
436  32
437  1024
437  1424
437  239
434  77
434  65
434  113
434  934
435  45
435  40
435  671
432  75
432  23
432  451
433  42
433  79
430  217
430  747
431  234
431  39
1991  5
995  4
995  84
997  1451
238  678
238  113
238  312
238  357
238  356
238  126
238  301
239  133
239  640
239  229
234  14
234  207
234  23
234  31
234  466
234  600
235  597
235  2034
235  5
235  1363
235  488
235  507
236  1859
236  770
236  16
236  75
236  445
236  117
236  4
237  26
237  770
237  19
237  32
237  185
237  86
230  744
230  14
230  17
230  19
230  1105
230  20
230  231
231  49
231  598
231  677
231  63
231  495
231  188
232  15
232  31
232  89
232  337
233  21
233  953
233  661
233  190
233  1008
233  494
2229  289
2226  329
2227  41
2222  9
2223  5
1  1130
1  319
1  884
1  60
1  114
1  130
1  252
1  81
1  24
1  25
1  138
1  21
1  22
1  23
1  29
1  145
1  938
1  6
1  8
1  505
1  1011
1  2012
1  585
1  209
1  1533
1  447
1  1629
1  1795
1  264
1  14
1  18
1  30
1  969
1  1067
1  829
1  1669
146  20
146  31
146  1067
146  44
146  402
146  504
146  81
146  1063
147  740
147  1826
147  43
147  3
147  476
147  69
147  1550
147  1746
147  490
144  217
144  26
144  631
144  3
144  75
144  1476
144  917
144  1529
145  1084
145  198
145  197
145  954
145  1494
145  138
142  833
142  561
142  218
142  193
142  474
142  920
143  141
143  5
143  65
143  1246
143  8
143  1565
140  216
140  590
140  12
140  15
140  49
140  899
140  576
140  148
140  113
140  478
140  189
141  1986
141  1011
141  9
141  79
141  128
141  1461
141  359
141  21
999  1506
999  127
148  13
148  49
148  330
148  1070
148  289
148  1714
148  119
149  12
149  21
149  450
149  1200
149  673
149  122
149  131
149  126
149  79
2083  6
2081  77
2086  1010
2084  406
123  204
123  852
123  665
123  575
123  34
123  322
123  111
123  2168
123  70
123  41
123  78
1832  30
1830  2
1837  976
1839  567
2155  32
2156  131
2157  471
2150  266
2151  19
2152  62
2153  1114
933  39
931  60
931  22
930  786
937  1434
936  26
936  4
1447  280
471  37
471  324
1954  265
1951  1097
1953  118
1952  180
1958  26
829  1008
828  284
828  67
825  4
824  32
827  959
827  115
826  41
820  118
823  30
822  48
1481  625
1480  19
1484  218
1488  649
797  468
797  782
1711  7
794  126
794  963
1717  29
792  630
792  30
791  496
791  874
929  9
1719  6
1718  1032
1456  129
799  46
798  405
1270  4
613  284
613  67
610  336
610  72
1466  16
1131  338
1137  10
1136  77
1135  25
1275  71
920  284
614  75
614  608
1469  88
1277  700
519  623
519  3
519  17
518  11
518  1039
518  324
926  607
926  1251
1009  81
1009  1093
1006  132
1006  2
513  2135
513  1252
513  588
512  5
512  20
1003  75
1002  982
1002  1527
1001  43
1000  479
623  71
622  850
622  7
620  33
626  1113
625  25
1220  63
629  216
629  561
629  47
628  1821
628  315
1229  181
2  593
2  313
2  337
2  219
2  65
2  1896
2  80
2  84
2  1054
2  48
2  30
2  28
2  1073
2  1111
2  4
2  7
2  208
2  1735
2  1468
2  308
2  1311
2  639
2  6
2  616
2  307
2  487
2  129
2  11
2  10
2  1049
2  2139
2  118
2  864
2  2044
2  1368
1286  687
11  191
11  133
11  68
11  81
11  86
11  118
11  84
11  493
11  182
11  20
11  42
11  656
11  6
11  1033
11  501
11  201
11  631
11  716
11  446
11  507
11  703
11  78
11  282
11  16
11  472
10  2117
10  214
10  213
10  597
10  888
10  1687
10  117
10  64
10  84
10  854
10  21
10  28
10  40
10  9
10  1442
10  587
10  7
10  464
10  440
10  713
10  1330
10  566
10  262
10  24
10  328
10  32
10  30
10  1104
10  2136
10  1487
10  1035
13  1166
13  1083
13  335
13  331
13  985
13  114
13  137
13  110
13  83
13  493
13  48
13  29
13  1679
13  774
13  894
13  1987
13  1791
13  269
13  60
13  22
13  863
13  46
13  1471
13  720
13  944
13  2104
12  334
12  67
12  1904
12  86
12  87
12  27
12  49
12  1638
12  41
12  183
12  4
12  508
12  208
12  449
12  991
12  7
12  465
12  1334
12  74
12  487
12  1046
12  46
15  742
15  1673
15  312
15  760
15  316
15  61
15  62
15  110
15  252
15  27
15  22
15  23
15  2114
15  596
15  28
15  6
15  706
15  4
15  122
15  74
15  598
15  902
15  1045
15  88
15  866
15  1360
15  2008
14  1789
14  198
14  598
14  196
14  317
14  219
14  115
14  63
14  65
14  83
14  27
14  1058
14  1071
14  939
14  6
14  2158
14  913
14  1336
14  120
14  1905
14  17
14  19
14  1564
14  352
14  1741
14  136
17  217
17  2218
17  1082
17  766
17  137
17  69
17  21
17  22
17  47
17  45
17  43
17  41
17  5
17  79
17  1670
17  306
17  673
17  70
17  1887
17  1430
17  727
17  1380
16  604
16  214
16  314
16  61
16  113
16  68
16  1840
16  20
16  23
16  40
16  323
16  1031
16  287
16  200
16  1633
16  76
16  784
16  32
16  1685
19  1305
19  190
19  64
19  1726
19  1878
19  1639
19  2038
19  201
19  635
19  671
19  1026
19  1046
19  19
19  30
19  37
19  1454
19  473
19  1389
19  1415
18  116
18  69
18  87
18  24
18  1589
18  20
18  1404
18  180
18  4
18  9
18  612
18  126
18  484
18  31
18  36
18  1655
928  47
928  37
201  712
201  66
201  188
201  139
200  1043
200  1165
200  319
200  6
200  264
200  8
203  592
203  204
203  879
203  725
203  2018
203  1911
202  674
202  30
202  2234
202  5
202  961
205  207
205  46
205  570
205  88
205  2004
205  8
205  188
204  996
204  194
204  336
204  65
204  127
204  485
207  127
207  87
206  1423
206  67
206  68
206  1030
206  492
209  830
209  782
209  1079
209  666
209  609
209  72
209  2140
209  266
208  2121
208  43
208  481
208  188
208  74
684  122
684  28
684  1449
687  29
687  85
1472  498
2231  680
2230  677
2232  211
2235  40
1479  616
680  1365
680  70
1575  736
229  637
229  40
229  116
2091  64
2090  33
2093  888
2099  20
2098  9
224  39
224  33
224  32
224  117
224  6
224  1785
224  1459
1829  336
1828  73
1825  26
1824  658
1827  30
1820  6
1823  125
2146  43
2145  36
1482  111
2142  66
2141  577
1485  138
921  263
921  571
922  33
922  20
923  265
924  66
924  500
925  77
925  36
2149  966
2148  40
1921  40
1922  984
1923  964
1925  22
1928  137
832  132
832  354
833  663
830  1587
831  32
836  583
836  49
837  723
835  606
835  38
838  1577
838  1084
839  453
839  354
3  887
3  210
3  1163
3  195
3  337
3  707
3  330
3  43
3  40
3  113
3  83
3  26
3  878
3  49
3  979
3  3
3  9
3  2014
3  320
3  717
3  77
3  266
3  264
3  38
3  843
3  76
3  32
3  37
3  36
3  645
3  267
3  2101
3  479
785  864
786  564
787  64
780  2119
780  21
781  263
788  33
789  1109
1721  74
1366  116
60  1103
60  23
60  128
60  350
60  42
60  306
60  41
60  130
60  134
60  1515
60  517
60  1475
61  218
61  24
61  21
61  288
61  7
61  285
61  1337
61  1912
61  31
61  35
61  724
62  602
62  1266
62  63
62  1052
62  322
62  405
62  4
62  129
62  78
62  37
62  1511
63  703
63  135
63  21
63  49
63  43
63  978
63  2078
63  187
63  7
63  1671
63  500
63  126
63  1880
63  36
63  2023
64  964
64  26
64  896
64  905
64  862
64  1637
64  939
64  124
64  281
64  269
64  85
64  286
65  1320
65  212
65  210
65  1061
65  2107
65  4
65  1509
65  709
65  72
65  9
65  189
65  79
66  21
66  875
66  37
66  9
66  5
66  1100
66  264
66  739
66  69
66  127
66  189
66  42
67  1322
67  25
67  30
67  986
67  218
67  46
67  88
67  306
67  6
67  283
67  85
67  286
68  1432
68  1182
68  1845
68  1863
68  27
68  353
68  7
68  24
68  1030
68  84
69  39
69  31
69  191
69  120
69  82
69  260
69  32
69  516
406  890
406  32
1582  85
1583  83
1581  89
405  1730
405  44
405  80
1584  454
1585  500
1375  137
1038  9
1039  130
508  183
509  618
509  942
509  327
509  6
1032  182
507  45
507  358
504  903
504  45
504  111
505  1847
505  6
1036  585
1036  1056
1037  121
1034  25
1035  480
1210  42
633  1060
633  1055
634  260
636  4
636  23
1215  181
638  74
638  38
639  136
927  267
465  20
465  1062
783  1678
783  848
1455  111
1450  79
1100  285
1101  1731
1101  45
1458  217
1108  113
1109  1800
1722  73
466  48
466  40
466  70
2137  319
1393  892
216  1043
216  25
216  897
216  42
217  950
217  110
217  1505
217  83
214  49
214  47
214  187
215  898
215  28
215  30
215  304
215  114
215  4
215  268
212  134
212  75
212  1113
212  499
212  7
212  6
212  501
213  667
213  335
213  46
210  484
210  878
210  130
210  422
211  847
211  26
211  27
211  1734
211  183
211  131
211  7
218  759
218  45
218  9
218  80
218  760
219  25
219  694
219  350
219  21
462  260
462  86
462  576
4  603
4  114
4  494
4  81
4  854
4  1053
4  21
4  1537
4  1615
4  43
4  40
4  288
4  5
4  7
4  281
4  1748
4  461
4  1318
4  120
4  261
4  71
4  79
4  34
4  642
4  477
4  2128
4  73
1489  111
1496  36
1514  116
1522  46
1854  311
1856  521
1857  45
2172  481
2170  31
2171  34
919  44
2174  128
2175  33
915  601
914  605
914  461
917  1310
916  2065
911  1402
911  316
912  889
1931  34
1930  704
1937  40
1939  135
847  27
846  128
845  607
843  711
842  590
842  286
841  726
840  132
849  34
848  193
1739  9
1738  485
1733  700
1732  882
1737  21
732  448
752  720
750  330
750  23
756  39
756  282
755  494
754  1797
754  43
759  2113
758  20
506  1663
506  125
506  1631
1596  27
1033  191
1599  563
1025  118
1024  1513
1027  9
1027  589
1031  120
1021  319
1020  6
1023  767
1023  7
1022  34
502  891
502  311
1029  303
1029  265
1028  317
503  45
503  7
503  574
500  619
501  29
605  595
605  49
630  82
630  36
606  1056
1209  135
1208  46
603  32
603  131
602  29
1204  27
1207  618
1206  946
609  324
1203  40
1211  127
635  113
637  119
1110  2186
1110  134
1445  119
1444  113
5  1085
5  1328
5  127
5  114
5  88
5  252
5  80
5  87
5  84
5  24
5  1052
5  27
5  28
5  182
5  1464
5  422
5  993
5  1595
5  120
5  8
5  264
5  37
5  1754
5  2024
5  1419
5  351
5  1744
1441  190
1118  125
1351  25
1448  31
1219  863
461  269
461  316
460  8
460  1329
460  851
1355  74
489  2001
489  45
488  870
486  1846
486  332
485  135
483  135
483  660
482  2176
482  138
482  2019
482  1309
481  966
481  121
480  77
480  2184
480  893
991  129
990  25
199  25
199  23
199  43
199  1877
199  2103
198  22
198  1867
198  47
198  1073
198  120
195  313
195  1062
195  447
195  1502
195  1405
194  24
194  768
194  27
194  2220
194  700
194  42
194  649
197  1594
197  300
197  404
197  87
196  1357
196  75
196  186
196  401
196  134
196  139
191  31
191  520
191  6
191  9
190  715
190  445
190  978
190  35
193  904
193  2221
193  355
193  72
193  282
192  595
192  599
192  120
192  1534
192  2016
1106  22
1107  48
1536  133
1544  969
1570  138
1573  24
421  188
421  1982
421  1096
903  575
1848  884
906  27
906  907
907  21
904  306
1843  309
1842  7
1841  118
2165  491
2164  187
2167  352
2166  357
2161  47
2162  111
1908  8
1906  31
1902  23
1903  44
1901  74
855  1072
855  7
856  181
857  31
857  20
850  2005
858  86
6  338
6  135
6  495
6  1989
6  86
6  118
6  958
6  26
6  138
6  737
6  263
6  325
6  129
6  114
6  33
6  1683
741  440
741  886
742  1058
743  731
743  339
745  773
745  661
746  81
749  71
1050  121
1050  28
1051  1083
1054  971
1055  73
1057  37
1059  325
1696  582
1697  1049
1693  571
1690  20
1691  25
715  43
1699  27
1278  187
1279  765
619  962
619  1786
612  315
611  70
611  1592
616  43
617  2074
1470  521
1477  714
1304  38
1303  36
498  9
498  22
499  976
499  885
494  1187
495  2120
495  27
496  8
496  1245
496  112
497  326
490  1072
490  796
491  313
491  8
492  85
493  869
493  77
24  335
24  310
24  987
24  82
24  87
24  1634
24  42
24  41
24  586
24  446
24  79
24  1188
24  35
24  1241
24  2021
24  648
24  31
25  137
25  110
25  82
25  138
25  21
25  47
25  45
25  29
25  2108
25  1560
25  309
25  713
25  261
25  38
25  1105
26  1680
26  333
26  83
26  139
26  86
26  973
26  49
26  40
26  7
26  560
26  74
26  73
26  39
26  1936
27  1086
27  1085
27  577
27  1891
27  1396
27  2071
27  1443
27  304
27  39
27  38
27  2127
27  1060
27  1184
27  36
27  1539
20  706
20  330
20  133
20  795
20  22
20  28
20  281
20  1723
20  776
20  468
20  712
20  1354
20  268
20  1047
20  1183
20  353
20  1361
21  338
21  664
21  2134
21  45
21  43
21  7
21  796
21  124
21  71
21  79
21  30
21  34
21  477
22  313
22  117
22  82
22  2002
22  49
22  1446
22  7
22  189
22  285
22  777
22  562
22  998
22  307
22  73
22  70
22  1048
22  357
22  1779
22  1249
22  111
23  604
23  1672
23  137
23  1510
23  1894
23  80
23  2080
23  41
23  326
23  8
23  447
23  73
23  70
23  127
23  78
23  1644
23  37
23  1066
23  2205
28  312
28  86
28  45
28  40
28  734
28  186
28  75
28  39
28  32
28  34
28  2003
28  116
29  989
29  708
29  332
29  115
29  137
29  42
29  43
29  189
29  583
29  77
29  76
29  268
29  282
29  34
29  1567
1516  450
1705  714
7  110
7  973
7  1076
7  42
7  1520
7  7
7  2112
7  1291
7  1315
7  467
7  77
7  128
7  132
7  34
7  640
7  116
7  474
7  114
1627  42
1635  130
1641  8
1645  588
1646  38
1647  450
1876  87
592  1440
592  2067
1872  442
1870  35
1871  45
1879  47
977  115
975  74
975  454
974  121
972  43
972  307
971  131
970  350
596  34
979  312
182  31
182  34
182  113
182  8
182  81
183  952
183  36
183  119
183  1882
180  1290
180  189
181  673
181  355
181  1333
181  139
186  318
186  1525
186  75
186  73
186  8
187  459
187  1742
184  608
184  943
184  121
184  134
185  469
185  667
185  778
185  600
2111  580
188  669
188  36
188  476
2115  476
1915  646
1916  36
869  580
189  89
861  1965
861  871
867  115
866  47
2025  459
2027  717
2022  585
2028  125
656  77
883  114
882  301
880  70
887  983
886  110
889  46
1503  136
775  337
775  136
774  72
777  404
771  126
772  463
779  309
779  81
778  31
77  48
77  266
77  283
77  81
77  1010
77  1294
76  126
76  451
76  35
76  871
76  300
76  351
76  47
76  269
75  441
75  2123
75  82
75  354
75  35
75  252
75  1782
75  119
75  287
74  1702
74  114
74  35
74  121
74  448
74  71
74  1677
73  305
73  463
73  41
73  2199
73  2006
72  992
72  303
72  302
72  34
72  124
72  1713
72  353
72  1892
72  85
71  1047
71  2110
71  317
71  1568
71  121
71  89
71  115
70  459
70  599
70  314
70  263
70  1862
70  1865
70  110
70  8
70  1410
79  33
79  1267
79  34
79  1804
78  1316
78  449
78  1528
78  1569
78  122
78  266
78  2007
78  86
78  402
1040  728
1044  38
1048  42
1681  440
1682  451
1684  288
1689  35
1688  30
1268  283
669  1081
1263  126
666  575
665  39
665  563
662  587
1463  86
1317  39
1313  895
1319  9
319  560
318  1861
318  88
318  1566
312  125
312  8
311  965
311  1096
310  578
310  89
310  113
317  648
317  81
316  1117
316  9
315  1350
314  44
314  953
1335  9
440  595
446  582
444  1794
444  126
444  41
1666  632
1674  128
1694  30
404  476
404  1796
632  1160
1720  31
402  1983
1866  39
1868  463
965  307
960  47
960  37
961  87
962  1064
963  9
401  795
968  589
2109  86
2105  467
879  129
876  134
877  1831
877  138
875  89
872  2011
873  44
2036  30
2030  693
9  117
9  80
9  2133
9  289
9  325
9  2029
9  1654
9  305
9  1089
9  1437
9  356
9  32
9  1417
9  1899
645  2096
890  8
891  1561
892  763
893  49
894  601
897  1538
898  735
422  1077
422  323
768  1348
761  1094
766  1978
767  31
765  516
1079  352
1076  136
1077  300
1074  676
1074  44
1070  333
1094  283
1095  339
1095  110
1097  111
678  263
678  453
1091  135
1092  1508
1092  562
674  82
674  35
675  663
676  329
676  134
672  85
1416  308
1321  137
1326  38
1531  267
1526  600
1250  33
1258  49
308  41
309  37
309  47
300  48
300  46
301  693
301  36
302  1138
302  44
303  946
303  356
303  84
304  1990
304  110
305  32
305  641
305  730
305  134
306  87
984  137
2224  122
470  82
470  707
470  1065
114  265
114  1659
114  118
114  935
1790  326
1802  117
1809  41
112  1632
112  982
112  333
112  122
112  116
112  280
112  84
959  441
958  117
2132  1063
2130  48
951  269
952  355
955  46
957  334
956  479
2177  453
1798  8
719  468
718  998
718  703
663  334
714  30
713  121
711  119
711  1541
710  46
710  288
716  42
1069  83
1069  80
1068  2216
1068  1065
1061  1855
1064  119
1667  1081
1665  267
1664  329
1662  126
591  356
591  286
590  1167
594  46
594  949
1080  454
1089  579
1088  47
1088  139
1403  81
1406  34
449  45
1339  516
443  47
443  646
442  2124
1332  583
1545  40
39  339
39  136
39  44
39  1563
39  260
39  31
38  131
38  118
38  694
38  43
38  327
38  328
38  124
38  38
38  2126
38  478
694  116
33  709
33  701
33  83
33  8
33  467
33  987
33  122
33  34
33  475
33  1369
32  88
32  85
32  327
32  8
32  649
32  1185
32  350
32  1517
32  517
31  89
31  139
31  86
31  46
31  40
31  37
30  84
30  2082
30  48
30  520
30  8
30  586
30  127
30  947
37  574
37  1112
37  37
37  1453
36  601
36  1260
36  83
36  355
36  40
36  2015
36  569
36  1889
36  35
35  570
35  88
35  119
35  1535
35  1630
35  469
35  1900
35  131
35  724
35  723
35  358
34  117
34  48
34  47
34  658
34  581
34  120
34  1886
641  329
641  89
640  280
648  475
339  88
338  980
335  262
337  44
336  1433
331  41
331  132
331  122
332  701
8  82
8  81
8  323
8  584
8  325
8  265
8  128
8  942
1810  125
1885  44
1881  137
948  81
944  136
945  1082
642  289
133  608
133  121
133  113
132  576
132  41
132  281
131  44
131  324
130  262
130  87
137  136
136  450
136  1962
135  350
135  84
134  89
134  284
139  40
139  116
139  125
2013  45
708  566
704  125
705  111
706  81
88  733
89  2125
89  43
89  119
82  1643
82  1519
83  260
83  264
83  2200
80  111
80  280
80  1656
80  87
81  121
87  45
87  721
84  1888
84  521
85  981
85  985
85  561
1658  327
1652  42
1657  47
581  115
588  2179
1436  355
459  125
453  44
454  117
1346  568
517  563
655  565
1504  46
949  1168
631  353
322  570
322  474
322  285
323  1429
323  129
321  47
321  2116
321  2209
326  265
326  287
327  562
324  994
328  48
1950  474
1968  578
1992  126
996  46
1651  289
120  1756
120  354
120  1116
122  44
122  127
124  1745
124  2066
126  127
128  115
129  262
129  1112
129  1352
2069  40
2062  49
1642  721
1649  281
729  261
729  1364
579  266
578  47
572  119
572  40
938  358
739  44
1298  463
469  2210
467  111
935  267
356  2077
352  1764
2079  44
283  115
283  720
282  48
282  116
285  1161
285  41
284  986
284  110
287  42
267  48
286  564
269  568
2143  47
2159  45
2178  472
983  49
115  560
115  1381
252  252
111  41
110  41
119  41
1388  49
1984  727
564  725
567  40
1743  793
48  44
48  42
46  47
46  41
45  43
