452  466
452  595
934  297
799  5
165  1099
165  60
165  157
165  1045
1069  202
736  33
736  13
507  510
507  43
109  291
1144  217
1163  65
110  53
344  768
344  92
0  24
0  586
0  892
0  314
0  7
0  971
0  995
0  442
0  562
0  972
0  5
0  1076
0  1100
0  945
0  274
0  64
0  81
0  173
0  360
346  722
346  48
347  649
347  485
340  26
340  859
341  64
341  464
342  12
342  608
343  871
343  627
810  66
815  1
817  588
120  1
719  55
719  475
1190  12
124  64
715  11
715  10
128  50
713  1133
713  52
129  730
132  68
710  205
710  386
145  99
952  30
801  681
423  90
423  363
1068  313
160  232
162  279
168  12
169  288
1060  3
1063  382
1062  57
1065  541
1064  163
188  103
199  2
1119  1
1083  98
209  318
211  10
297  245
297  202
294  24
294  6
294  376
295  1061
295  32
295  723
214  62
293  654
293  1174
293  249
290  47
290  1121
290  428
291  1
291  16
1087  9
590  45
590  979
593  560
593  567
595  355
594  14
594  349
596  682
596  156
195  33
195  573
195  152
598  147
598  699
197  9
197  12
197  912
196  758
196  118
196  105
1124  302
1125  3
193  685
193  662
193  96
192  760
192  534
192  792
270  9
270  836
270  2
271  114
271  571
271  589
272  32
272  117
272  28
273  159
273  3
273  833
274  918
274  114
275  82
275  83
275  612
276  101
276  490
276  96
277  557
277  191
277  175
279  540
279  220
824  514
1005  223
941  766
225  19
230  6
1018  86
521  61
521  65
239  14
240  167
241  102
247  212
253  154
528  383
528  161
529  3
529  242
255  531
268  305
278  7
287  413
296  2
448  245
448  1167
299  69
304  694
308  242
443  8
443  45
442  663
441  617
441  828
447  10
447  924
446  693
446  1117
311  283
444  235
444  148
108  618
108  144
108  1148
108  661
108  206
1135  42
102  289
102  412
102  7
102  647
103  1077
103  138
103  154
103  40
100  610
100  202
100  722
100  1109
100  1194
101  933
101  68
101  1093
101  1089
106  780
106  122
106  141
106  51
106  369
107  86
107  12
107  520
107  210
107  51
104  1198
104  81
104  469
104  566
104  218
105  748
105  3
105  1118
105  570
312  1
903  7
39  777
39  615
39  429
39  135
39  177
39  176
39  483
315  13
320  321
325  18
905  187
33  43
33  289
33  3
33  499
33  938
33  707
32  1040
32  754
32  704
32  1023
32  93
32  953
908  94
30  569
30  141
30  42
30  35
30  870
30  742
30  53
37  763
37  237
37  575
37  660
37  976
37  251
37  936
37  697
326  10
35  906
35  845
35  797
35  401
35  422
35  155
35  818
327  22
329  28
332  19
643  671
643  386
642  38
642  143
645  1024
645  374
333  216
438  25
438  1111
646  389
646  783
436  161
436  410
437  186
437  187
434  151
434  113
338  6
339  91
348  20
335  724
335  23
335  1170
334  25
334  694
334  157
337  417
337  65
337  179
336  542
336  491
336  163
331  841
331  56
331  256
330  90
330  485
330  73
1189  266
350  324
473  229
473  431
352  29
357  84
944  292
854  639
855  34
856  9
345  121
345  42
748  787
665  309
665  476
6  623
6  676
6  406
6  950
6  617
6  77
6  288
6  838
6  498
6  635
6  189
624  318
814  47
640  369
644  71
848  125
99  131
99  1105
99  513
99  683
98  701
98  144
98  231
98  70
8  847
8  147
8  1140
8  48
8  1070
8  1
8  76
8  1114
8  70
8  176
8  167
8  1130
372  142
91  670
91  153
91  260
91  1026
90  184
90  57
90  319
93  673
93  793
93  455
93  52
92  741
92  190
92  359
92  1055
95  887
95  2
95  634
95  873
95  286
94  177
94  806
94  638
94  88
96  1177
96  672
96  4
150  146
150  675
150  926
150  602
378  27
385  4
387  609
391  49
392  720
396  191
153  548
153  677
153  647
1103  231
741  172
745  13
745  238
1143  59
555  3
555  7
554  879
554  64
557  40
556  15
556  592
551  200
551  503
550  572
550  243
553  502
553  71
552  755
552  154
238  208
238  500
234  949
234  688
234  48
235  173
235  1164
236  54
236  282
236  72
237  653
237  69
231  767
232  118
232  85
233  328
233  285
233  17
399  137
405  174
407  252
1058  264
414  533
486  3
489  83
1197  463
1196  364
1  11
1  159
1  45
1  517
1  969
1  711
1  219
1  12
1  134
1  739
1  83
1  170
717  164
717  708
419  43
420  433
421  116
425  764
426  52
427  75
146  252
146  29
146  543
147  1001
147  675
144  20
144  956
619  951
619  58
142  31
142  143
142  587
143  652
143  857
140  698
140  891
140  4
140  904
141  461
141  16
432  4
435  38
616  19
616  526
614  930
614  75
615  137
511  531
511  134
50  1013
50  20
50  44
50  80
50  283
50  935
510  1071
1091  313
445  45
449  40
450  673
1074  80
456  28
459  133
512  164
512  69
946  246
666  370
468  55
942  661
943  10
1120  470
514  429
471  5
689  26
689  1017
688  13
685  67
684  76
684  1067
477  45
686  55
686  366
681  79
683  453
682  980
480  11
623  354
481  67
415  21
416  48
133  309
133  36
133  820
131  747
131  1161
131  1102
130  1012
130  1053
130  5
130  602
137  125
137  324
499  700
135  454
135  625
135  307
134  1042
134  866
674  79
139  216
139  1115
139  633
139  773
138  2
138  780
138  321
490  508
492  11
492  21
24  964
24  842
24  884
24  115
24  117
24  397
24  9
25  16
25  82
25  733
25  7
25  18
25  9
25  914
26  217
26  826
26  1078
26  574
26  613
26  519
26  88
27  204
27  1101
27  570
27  180
27  1138
27  229
27  1085
27  119
494  17
21  22
21  628
21  18
21  656
21  702
21  888
21  1173
22  784
22  151
22  774
22  23
22  54
22  978
22  256
23  313
23  54
23  44
23  380
23  5
23  264
23  992
534  568
28  17
28  18
28  61
28  83
28  714
29  453
29  493
29  966
29  630
29  303
29  282
406  515
159  988
159  119
495  89
496  178
401  611
501  9
505  298
506  85
56  1179
56  561
56  316
56  900
56  1003
408  179
408  1094
356  632
356  867
454  727
758  785
136  793
136  1141
136  317
136  679
524  80
680  183
532  605
535  322
457  194
457  63
183  1139
183  712
183  249
379  1159
379  116
371  1014
371  179
370  42
373  19
373  49
375  71
375  669
377  1059
377  87
376  203
705  960
705  305
178  607
178  789
178  7
618  928
577  659
393  46
393  61
579  54
88  730
88  844
88  1128
89  752
89  1195
89  803
89  85
397  15
582  3
395  251
395  64
394  301
394  621
82  402
82  482
82  559
83  467
80  227
80  284
81  15
81  298
81  1028
86  1187
86  1104
86  189
87  1092
87  155
87  878
87  840
84  1122
84  38
84  418
84  404
85  784
85  229
584  263
12  1010
12  650
12  17
12  125
12  161
795  569
795  781
597  215
599  281
603  67
606  11
97  264
798  210
7  1054
7  919
7  75
7  353
7  734
7  932
601  901
601  170
170  1106
170  74
622  466
586  281
587  411
585  254
585  488
583  458
583  317
580  252
580  782
581  1149
581  260
631  42
413  629
636  70
588  563
20  201
20  542
20  382
20  2
20  947
20  558
20  750
245  963
244  1166
244  16
244  358
246  648
246  626
148  989
148  1165
148  226
243  328
243  1172
242  15
973  4
1178  19
249  1186
248  1136
248  34
248  1150
1082  11
365  323
368  226
655  14
657  781
658  77
292  958
292  63
224  38
224  737
224  354
519  72
1009  388
440  513
1006  538
1004  53
516  794
516  31
458  668
667  10
621  832
620  63
620  920
626  310
625  865
451  687
451  175
518  181
455  182
527  648
537  402
691  154
692  17
695  566
696  418
179  864
576  127
177  649
177  70
176  116
176  886
175  1072
175  316
174  1097
174  998
174  48
173  180
173  310
172  1084
172  851
172  302
171  46
171  17
171  1007
171  1051
198  921
198  263
198  716
977  5
975  301
1184  201
970  46
1080  66
180  1027
180  853
2  753
2  38
2  58
2  16
2  1175
2  740
2  641
2  470
2  298
2  9
2  479
186  788
186  849
187  573
184  1160
184  51
194  215
194  207
652  1152
703  411
706  571
659  112
191  929
185  830
185  986
185  634
190  367
190  549
1126  38
11  215
11  17
11  55
11  651
11  915
11  982
10  632
10  876
10  49
10  983
10  1153
10  220
13  913
13  893
13  17
13  149
13  77
13  1039
13  116
189  767
15  1185
15  779
15  227
15  504
15  1090
15  948
15  361
14  852
14  821
14  877
14  4
14  885
14  74
14  266
14  282
17  746
17  79
16  732
16  560
16  522
16  883
16  163
19  897
19  959
19  63
19  1171
19  388
18  762
18  994
18  1180
18  1047
18  127
18  361
725  306
728  267
738  200
656  839
753  861
881  266
889  49
911  36
744  324
63  591
63  362
749  40
751  3
322  60
322  523
323  384
323  837
321  36
328  600
654  31
562  484
756  161
201  212
200  158
777  300
776  158
776  474
205  1030
205  76
773  743
206  1008
206  181
208  381
208  58
778  1073
778  163
484  115
77  825
77  721
76  1113
76  462
75  38
75  997
75  43
74  874
74  1132
74  846
74  267
73  1176
73  1021
73  1158
73  565
73  34
72  894
72  807
72  759
72  968
71  54
71  400
71  280
70  1044
70  813
79  424
79  1088
78  641
78  351
78  962
78  113
78  1081
1046  409
709  578
769  284
1048  61
770  52
771  65
805  152
358  937
786  203
216  60
1146  69
1147  31
669  811
668  497
796  678
660  545
802  43
693  51
804  257
808  465
809  520
812  59
543  254
540  265
541  544
546  862
546  567
547  1183
547  126
544  3
545  999
816  62
221  768
548  1123
549  123
819  250
823  509
539  47
522  5
827  530
766  608
523  727
651  59
122  303
122  409
122  783
123  263
123  478
123  525
125  872
126  3
126  916
126  1011
127  1016
127  860
664  726
664  45
831  479
1112  62
834  672
835  36
417  5
990  269
922  789
843  351
731  424
319  1098
319  1056
318  5
310  65
317  53
316  1157
850  49
475  996
497  985
1129  59
3  1156
3  1131
3  757
3  118
364  227
362  117
863  166
360  761
1168  4
868  113
869  591
380  604
381  60
384  113
367  203
875  36
788  307
880  759
383  907
1155  112
114  460
114  533
1041  757
151  737
151  721
578  42
604  46
575  1110
60  899
60  1142
690  55
690  993
258  430
258  1015
258  463
259  115
259  52
259  219
64  4
65  764
66  1169
66  987
66  536
66  981
389  927
69  1193
69  4
250  68
250  261
251  44
256  530
629  739
254  600
890  164
895  55
1162  118
898  670
902  113
909  262
1038  47
735  1154
735  213
734  487
910  761
403  212
403  374
504  1032
502  305
1037  31
500  800
639  733
923  4
281  474
931  34
41  9
718  158
164  228
166  765
166  1188
166  790
167  5
167  157
965  36
782  267
285  940
285  111
939  772
222  40
954  44
955  729
400  792
1137  5
36  67
36  228
961  54
1192  51
34  1025
34  991
34  58
34  509
679  1043
967  300
974  9
9  213
9  882
984  307
896  565
1134  280
439  472
439  42
1151  156
1000  257
433  58
355  182
353  488
430  306
47  303
47  115
47  181
359  1020
791  43
217  1034
213  62
210  111
1002  57
829  68
219  1182
1033  283
289  257
288  57
4  262
4  720
4  678
4  5
4  220
31  152
31  44
31  1035
1019  286
284  155
286  917
1022  68
677  462
671  269
262  1127
261  1036
261  40
260  465
265  503
265  822
59  775
59  1052
269  57
58  538
1031  121
1029  117
61  790
61  306
57  957
53  301
53  119
52  52
536  112
1049  121
1050  390
775  729
51  1107
51  48
67  155
67  1181
68  605
111  398
111  1066
111  62
112  302
112  181
5  156
5  564
119  390
1057  62
772  182
1075  564
1079  156
309  152
460  182
300  48
1086  43
1095  431
1096  158
637  568
1108  46
754  45
561  1116
563  476
228  609
226  487
223  280
223  157
858  40
121  49
726  46
723  627
633  1145
49  1191
46  44
44  925
467  483
