344  1
344  742
344  1259
345  356
345  23
345  602
346  1442
346  1374
346  463
347  31
347  81
347  1660
340  247
340  567
340  1295
341  10
341  1377
341  1618
342  583
342  1363
342  67
343  1605
343  1716
343  104
348  2
348  943
348  859
349  103
349  320
349  238
137  544
209  4
280  463
295  73
302  172
318  895
298  1509
298  265
298  1699
299  595
299  326
299  29
296  322
296  824
296  1317
297  139
297  377
297  1071
294  300
294  115
294  192
292  1334
292  1382
292  522
293  861
293  362
293  878
290  464
290  787
290  665
291  0
291  14
291  43
270  42
270  785
270  551
270  483
271  484
271  1357
271  162
271  1720
272  1151
272  31
272  125
272  1349
273  436
273  146
273  711
273  758
274  180
274  174
274  1046
275  177
275  1042
275  127
276  847
276  1614
276  65
277  247
277  37
277  979
278  90
278  942
278  790
279  171
279  113
279  264
330  29
1132  623
332  909
338  733
353  22
381  15
388  177
391  735
395  797
401  32
408  26
419  783
429  140
444  409
108  1589
108  960
108  714
108  404
108  512
108  94
109  604
109  1059
109  1153
109  53
109  161
109  1567
102  775
102  1299
102  4
102  1698
102  481
102  255
103  214
103  1156
103  407
103  1203
103  1467
100  212
100  21
100  597
100  451
100  862
100  3
101  1323
101  1710
101  42
101  1460
101  389
101  329
106  11
106  17
106  1582
106  1270
106  494
106  163
107  980
107  1380
107  520
107  1115
107  250
107  1539
104  181
104  123
104  910
104  1180
105  28
105  50
105  1719
105  904
105  2
105  84
459  696
479  46
487  474
489  67
490  519
99  573
99  54
99  2
99  477
99  165
99  1495
98  708
98  1294
98  949
98  720
98  1752
98  360
91  144
91  1160
91  896
91  1636
91  34
91  7
91  69
90  1175
90  894
90  213
90  950
90  50
90  385
93  1110
93  26
93  251
93  946
93  121
93  1593
93  1365
92  215
92  890
92  44
92  164
92  1249
92  1427
92  468
95  618
95  1222
95  49
95  926
95  351
95  430
94  774
94  594
94  899
94  873
94  1592
94  81
97  1307
97  763
97  1327
97  1099
97  1298
97  173
96  205
96  16
96  1044
96  148
96  124
96  78
1623  139
1621  548
1620  681
1627  631
1039  115
1625  312
1624  88
498  305
559  177
559  990
555  640
555  482
554  741
554  243
556  1705
556  413
551  57
550  608
550  460
553  603
553  1089
552  3
552  36
1199  728
1191  604
1190  445
1193  844
1192  24
1195  850
1194  8
1758  483
1756  189
1755  3
1754  605
1751  8
1750  139
1176  155
1174  887
1172  698
1171  16
1179  8
1178  930
511  529
511  682
513  124
513  1134
1280  26
1282  76
1003  849
879  32
879  202
1288  10
514  1559
514  213
1579  620
1578  36
689  455
689  1523
688  1489
688  85
1573  42
684  809
684  710
687  466
687  361
686  120
686  36
681  426
1576  73
1575  155
623  262
1226  616
626  386
626  170
624  1701
624  236
407  19
407  9
406  252
406  451
406  80
405  59
405  28
405  67
404  161
404  228
1375  445
400  1515
400  75
400  15
1379  145
1378  188
452  1649
452  491
452  71
409  339
409  1439
453  690
453  1140
453  1648
455  5
455  136
456  715
456  327
456  719
457  906
457  734
457  841
379  3
379  652
379  35
378  201
378  593
378  126
371  334
371  22
371  134
370  443
370  958
370  1119
373  77
373  730
373  721
372  1498
372  69
372  1387
375  317
375  1104
375  37
374  77
374  3
374  1566
377  124
377  240
376  744
376  1223
376  190
1244  959
393  45
393  333
393  1228
392  389
392  2
392  655
390  657
390  763
390  1529
397  643
397  1143
397  7
396  31
396  424
396  970
394  751
394  908
394  1507
399  10
399  155
399  124
398  11
398  441
398  196
503  150
510  23
526  1
530  182
532  1
534  858
245  902
245  1564
245  144
245  663
244  234
244  769
244  585
244  462
247  1502
247  1703
246  994
246  584
246  189
246  38
241  718
241  145
241  17
241  1494
240  56
240  152
240  1114
243  153
243  708
243  856
242  1273
242  1571
242  940
242  1314
249  977
249  1052
249  1311
249  413
248  18
248  478
248  63
248  1286
543  184
545  282
547  170
557  120
558  214
561  266
563  0
596  425
606  117
607  700
179  60
179  1711
179  180
179  732
179  51
178  950
178  1748
178  1511
178  632
178  1240
177  17
177  523
176  195
176  226
176  12
176  1367
176  1700
175  62
175  81
175  36
175  1162
175  1290
174  56
174  382
174  12
174  629
173  1269
173  191
173  1210
173  1399
172  322
172  69
172  776
172  187
171  252
171  44
171  1449
171  47
170  1242
170  89
170  723
610  951
612  16
619  80
625  119
628  11
639  120
641  823
1500  42
1501  31
653  380
653  761
650  454
650  679
651  33
651  1122
1364  588
1600  756
659  1224
659  47
656  43
1606  755
661  262
1619  577
1616  163
1617  26
669  143
672  257
695  2
705  449
707  80
722  7
1142  462
1141  68
1147  582
1148  13
1546  54
693  1289
693  449
1544  154
691  357
691  1067
1542  584
697  359
697  728
1540  37
1541  236
698  611
699  147
699  424
1548  770
1549  51
542  1
542  216
762  77
762  25
540  776
540  1740
541  77
541  354
546  961
546  425
544  42
726  967
548  1
549  1096
549  3
414  25
414  196
414  119
415  75
415  993
415  324
416  335
416  751
416  1655
417  301
417  127
417  569
410  929
410  905
410  84
411  1722
411  643
411  1404
412  576
412  805
412  1233
413  84
1384  220
1386  53
418  1107
418  1534
418  815
368  860
368  1218
368  323
369  19
369  1213
369  63
366  1514
366  528
366  842
367  1184
367  74
367  15
364  421
364  8
364  1535
365  201
365  425
365  737
362  670
362  221
363  43
363  1370
363  1037
360  336
360  156
361  914
361  166
380  328
380  779
382  1596
382  439
383  1352
383  13
383  1238
384  1040
384  533
384  29
385  1164
385  1103
386  69
386  974
387  645
387  48
387  1729
389  55
258  825
258  147
258  1428
258  41
259  26
259  826
259  207
259  962
738  199
740  706
252  159
252  7
253  932
253  592
253  872
253  1583
250  182
250  116
250  168
251  727
251  1105
251  1296
256  1536
256  238
256  1734
256  287
257  1260
257  321
257  670
254  289
254  1478
254  86
254  53
255  1490
255  1568
255  32
745  158
748  874
750  496
757  655
766  116
767  14
768  972
773  144
778  215
786  678
789  28
168  814
168  877
168  955
168  13
169  1591
169  8
169  13
169  131
169  198
164  216
164  733
164  799
164  1229
165  1680
165  1157
165  732
165  713
166  1353
166  1167
166  39
166  574
167  1429
167  220
167  260
167  210
167  660
160  25
160  1412
160  63
160  267
160  1431
161  13
161  87
161  475
162  741
162  16
162  867
162  54
163  317
163  468
163  7
1284  331
679  810
798  800
802  857
811  35
818  334
821  0
822  816
827  57
828  6
671  356
671  627
1608  203
831  765
833  12
843  20
1602  0
848  0
809  184
808  81
808  609
803  473
803  1432
801  928
801  915
800  855
807  939
807  997
806  1581
806  134
805  308
804  10
804  141
870  88
871  114
885  15
892  633
898  287
608  1031
1159  70
1150  402
1555  566
1554  132
59  448
59  1057
59  1243
59  888
59  662
59  470
59  936
58  886
58  115
58  518
58  266
58  1547
58  230
58  1510
58  1091
1557  56
54  990
54  713
54  267
54  485
54  1488
54  1526
57  989
57  1326
57  337
57  1372
57  86
57  471
56  1212
56  694
56  783
56  1733
56  125
51  690
51  0
51  947
51  190
51  1158
51  1391
50  1146
50  36
50  52
50  1
50  2
50  497
50  912
53  216
53  701
53  1610
53  1361
53  1381
53  1109
52  884
52  613
52  1505
52  8
52  83
52  1430
52  464
52  426
537  2
55  11
55  793
55  18
55  185
55  149
55  70
55  1672
55  1417
535  1390
535  237
533  147
531  1075
531  6
539  933
539  125
538  301
538  1163
536  9
536  1237
428  0
428  268
428  4
1398  5
421  1339
421  31
420  1063
420  123
420  564
423  46
423  507
423  30
422  320
422  123
422  501
1392  18
427  76
427  1486
427  8
426  755
853  1
853  1584
900  141
1125  180
228  1262
228  1300
228  580
227  11
227  1116
227  1647
227  1656
226  1735
226  1678
226  230
225  739
225  454
225  136
225  1332
224  1254
224  5
224  48
224  474
223  215
223  1388
223  972
223  1663
222  61
222  74
222  906
222  1136
221  28
221  1675
221  34
220  1014
220  1
923  796
931  680
952  218
956  9
973  283
151  47
151  922
151  189
151  21
151  521
150  1058
150  706
150  1026
150  71
1206  142
152  231
152  1473
152  1027
152  43
155  588
155  16
154  443
154  855
154  1695
154  65
157  61
157  1130
157  592
157  71
157  35
156  1255
156  24
156  28
156  34
159  1320
159  261
159  35
159  1354
158  24
158  1659
158  17
158  67
981  29
984  215
991  24
995  521
996  46
1001  613
1004  500
1524  715
1011  181
1013  134
1015  311
1022  68
1024  82
1029  319
1030  83
1032  131
0  1416
0  703
0  1513
0  81
0  797
0  20
0  851
0  467
0  1012
0  895
0  140
0  562
0  73
0  264
0  1271
0  350
812  953
812  1385
813  62
813  118
814  591
815  438
816  465
817  1683
817  111
1397  350
1492  602
1493  40
1499  462
1626  492
1704  130
495  66
1393  22
424  1753
1128  488
1129  61
1121  39
1123  217
1124  784
1126  1
524  1165
524  186
525  130
525  268
527  1652
527  23
1018  6
1019  4
522  35
523  20
1016  89
1017  13
1010  265
529  15
1234  20
1235  30
1231  128
1239  431
438  76
438  1145
439  443
439  1034
436  1713
436  1562
437  484
437  502
437  1346
434  76
434  75
434  849
435  1739
435  781
435  969
432  77
432  1064
432  403
433  131
433  30
433  1462
430  920
430  1038
431  1272
431  3
238  199
238  285
239  1182
239  47
239  305
239  1759
234  24
234  1458
234  572
235  1696
235  883
235  79
235  718
236  80
236  1310
237  908
237  131
237  517
230  472
230  13
231  929
231  724
231  16
232  921
232  1736
232  66
232  1068
233  60
233  1577
233  447
233  331
993  1527
1047  71
1048  111
1  620
1  118
1  3
1  1693
1  1747
1  912
1  1679
1  122
1  1283
1  1285
1  1451
1  32
1  826
1  515
146  133
146  1322
146  127
146  569
147  667
147  32
144  638
144  673
145  473
145  38
145  1590
142  1050
142  903
142  621
142  594
143  1131
143  987
143  66
143  83
140  182
140  447
140  1749
141  203
141  515
141  16
999  266
148  965
148  38
148  35
148  34
149  966
149  1690
149  119
149  1441
1054  964
1056  677
1065  63
1066  894
1069  742
1074  320
1076  497
1077  125
1082  774
1086  710
939  72
1090  12
1093  116
933  26
932  518
930  446
937  319
937  402
936  1245
1095  28
934  139
934  71
1097  66
1098  132
829  39
829  14
825  47
824  494
597  28
823  18
1483  819
1480  743
1485  736
1484  12
928  480
795  33
795  69
794  48
794  1376
1717  601
791  326
791  6
1718  21
799  65
1102  842
1138  264
1274  978
1137  832
617  1556
617  67
1276  926
1185  153
1277  44
519  2
1106  32
1009  77
1008  880
1007  136
1006  64
1005  869
512  967
1002  635
517  1420
1000  27
1227  580
622  749
622  1607
621  11
627  12
1221  289
1220  918
629  1715
2  1315
2  135
2  16
2  46
2  304
2  577
2  132
2  1133
2  5
2  499
2  324
2  70
2  911
11  1338
11  14
11  60
11  1532
11  355
11  725
11  64
11  70
11  1403
11  1496
10  1043
10  578
10  1629
10  1078
10  772
10  88
10  1630
10  448
10  65
10  184
10  1466
10  4
13  837
13  694
13  450
13  700
13  262
13  123
13  485
13  1622
12  217
12  598
12  1586
12  941
12  657
12  1464
12  1257
12  6
12  1671
15  22
15  637
15  714
15  460
15  1355
15  1263
15  1465
15  1401
15  69
14  203
14  1446
14  1342
14  402
14  1318
14  183
14  180
14  267
14  644
14  1516
14  352
17  902
17  24
17  1651
17  942
17  30
17  968
17  1445
17  1362
17  118
17  79
16  1304
16  29
16  1553
16  654
16  4
19  830
19  30
19  20
19  1601
19  862
19  616
19  446
19  1504
19  644
19  113
19  1369
18  1588
18  839
18  212
18  611
18  1149
18  64
18  1101
18  8
18  887
18  85
201  454
201  913
200  25
200  229
200  210
200  126
203  9
202  835
202  756
202  1686
205  1287
205  229
205  516
204  34
204  845
204  1394
204  567
207  777
207  75
207  1530
206  938
206  37
206  1521
206  841
208  182
208  983
208  31
208  1211
685  265
685  23
1570  311
1111  3
1120  35
680  116
683  213
683  1301
229  1691
229  979
1127  130
1135  29
1139  442
1144  121
919  988
1152  48
1154  68
1155  196
1166  87
1170  560
1173  82
1177  859
920  34
921  1572
922  909
924  46
924  354
925  20
925  1083
1187  442
1188  188
1189  122
1196  21
1197  358
1198  664
1204  73
1205  891
832  260
830  266
836  1558
836  944
837  311
834  1454
834  440
835  1202
838  1423
838  73
839  986
3  27
3  1728
3  1330
3  314
3  75
3  38
3  36
3  1425
3  186
3  978
3  1463
784  309
787  261
780  333
780  219
781  196
782  40
782  34
1727  820
153  39
153  74
153  37
60  1437
60  1637
60  1117
60  1073
60  1634
61  571
61  570
61  6
61  44
62  198
62  1329
62  1366
62  1264
62  63
62  286
63  605
63  676
63  126
64  1409
64  315
64  34
64  1252
64  110
65  976
65  323
65  5
65  721
66  449
66  23
66  609
66  1303
67  852
67  677
67  68
68  1085
68  897
68  1079
68  1360
69  1092
69  281
1580  87
1587  788
508  32
508  1461
509  1236
509  135
506  883
506  34
507  27
504  86
504  40
505  1335
505  9
1036  89
500  79
1035  760
633  334
634  26
634  4
1217  49
636  47
636  84
637  25
638  704
1219  28
1450  949
1100  4
1453  31
1459  451
1108  88
788  8
1208  963
216  29
217  313
217  868
214  874
214  8
212  194
212  32
213  590
210  355
210  28
211  1268
211  9
211  72
211  1088
218  1653
218  875
218  112
219  1657
219  359
219  493
957  33
957  1506
4  959
4  26
4  746
4  1324
4  195
4  1639
4  648
4  9
4  83
4  282
4  1738
1209  198
1216  40
1225  581
1230  976
1232  124
1247  573
1250  81
918  34
1251  115
915  122
914  1419
917  38
917  87
916  21
916  985
911  1585
910  1440
1258  82
458  80
458  1612
458  192
846  303
846  907
845  23
844  5
840  1305
840  86
1730  962
1732  135
753  282
753  40
752  658
752  112
754  46
754  1603
759  45
759  696
1595  21
1594  618
1597  861
1025  128
1021  658
1020  6
1023  337
502  1331
1028  269
501  317
630  1471
630  987
601  7
600  1072
600  339
603  692
631  971
1207  193
1200  5
635  568
1214  977
1215  306
1447  46
1444  328
5  854
5  1389
5  441
5  461
5  864
5  1721
5  43
5  133
5  183
5  7
5  615
5  358
1118  127
1351  945
1350  118
461  586
461  72
488  85
486  120
486  281
482  24
481  709
480  1261
199  33
199  1522
198  1265
195  1702
195  570
194  115
194  893
194  516
197  6
197  880
197  968
197  41
191  183
191  712
191  589
190  1319
190  7
193  450
193  1638
193  75
192  1112
192  1426
1457  702
1267  44
903  496
901  304
901  6
907  1308
1281  308
1291  22
1293  43
1297  579
1309  283
1312  184
854  1633
856  27
857  793
850  359
851  749
852  351
819  321
858  74
6  25
6  39
6  876
6  598
6  22
6  263
6  642
6  1400
6  284
743  38
746  869
747  478
747  581
1051  32
1053  260
1055  85
1551  138
1278  49
1279  38
1275  985
614  1667
614  44
615  1642
1682  72
1472  113
1477  352
1474  893
1475  36
1306  78
1302  114
499  992
491  186
492  77
493  300
24  1487
24  1640
24  133
24  1565
24  85
25  21
25  983
25  1658
25  764
25  660
25  1545
26  319
26  704
26  288
26  124
27  75
27  678
27  599
27  42
27  43
27  83
27  1563
20  868
20  881
20  1550
20  21
20  41
20  128
20  1724
21  878
21  309
21  865
21  49
21  1673
22  882
22  1422
22  709
22  565
22  475
22  1313
22  1688
23  1631
23  760
23  134
23  9
23  1337
23  1410
927  771
927  35
28  666
28  1674
29  579
29  32
29  1609
29  188
7  716
7  865
7  1070
7  472
7  288
7  261
7  72
7  7
7  47
1325  8
1328  78
1333  126
1336  9
1341  954
1344  264
591  938
1084  80
1356  43
975  288
975  35
971  138
970  1094
183  1737
180  131
181  47
181  41
186  1470
187  134
187  820
187  1181
185  82
185  70
185  1538
188  283
1371  648
1373  593
1383  667
189  118
860  447
863  727
863  469
864  998
866  44
866  81
1395  284
1396  31
1402  110
1405  117
882  1709
881  336
886  306
884  331
889  649
889  1414
888  989
775  1528
777  1654
771  120
770  8
772  123
779  1689
76  308
76  1434
76  87
74  583
74  442
74  873
73  1518
73  85
72  1644
72  761
71  1569
71  327
71  8
70  965
70  316
70  1611
79  450
79  41
79  357
79  314
78  1348
78  717
78  1742
78  1520
1045  307
1681  663
1684  45
1687  9
668  33
668  736
666  82
664  589
662  1340
1468  590
8  963
8  1685
8  1745
8  1455
1316  446
528  734
313  1266
313  1726
312  725
312  992
310  337
310  48
310  1743
316  1186
316  1081
315  935
315  729
314  289
1406  30
1413  118
1421  326
1424  440
403  33
403  586
1435  135
1436  355
1438  48
964  9
966  89
960  1561
969  45
1443  112
1448  300
1452  476
1456  571
876  37
875  31
872  1161
1469  647
1476  958
1479  122
9  676
9  1525
9  267
9  113
9  1613
9  980
1481  128
1482  335
891  673
896  1358
897  42
1246  117
649  448
769  476
1491  112
764  954
765  30
642  37
674  471
674  1201
675  568
675  35
1418  329
1411  262
1415  265
1321  354
1256  36
1253  113
309  712
301  701
303  30
303  1714
304  135
305  1641
306  86
307  121
307  1345
1497  86
1508  703
112  1708
112  566
1512  356
1517  89
1519  119
951  39
953  130
955  702
1531  138
1533  34
1537  89
719  946
717  1543
716  37
1552  40
1061  132
1060  128
1062  45
1665  82
1664  261
1087  114
595  110
1080  724
599  464
1408  37
1407  357
692  585
441  39
440  321
445  138
39  470
39  329
39  32
38  49
38  647
38  1368
33  948
33  37
33  263
33  136
33  1692
31  45
31  41
30  1707
30  263
30  49
36  572
36  45
1241  119
646  116
646  87
1248  49
339  260
335  1113
336  1646
333  1574
1560  729
1598  40
1599  45
948  43
947  325
944  49
945  268
940  350
941  1744
1604  127
133  117
133  1033
132  1694
130  41
136  1168
139  1661
138  88
1615  84
1628  41
88  1635
88  465
89  83
82  1662
83  268
80  1746
86  731
87  1292
84  1731
84  1343
85  322
1650  731
587  285
587  48
582  122
1433  358
1347  121
1503  982
654  935
652  1706
323  48
327  1741
324  263
325  111
325  284
328  467
1632  42
1643  49
1666  42
1668  739
1669  40
1670  126
1676  120
1677  115
1041  469
1049  640
121  466
121  129
122  40
125  1359
125  116
126  520
127  113
129  269
129  723
129  351
129  574
1645  460
578  463
576  111
575  114
575  119
735  110
737  1169
1697  287
352  110
281  1757
285  1725
286  796
286  564
269  117
269  110
1712  790
1723  46
988  46
982  114
114  44
117  40
111  111
792  565
1760  41
560  562
1183  48
47  477
45  42
43  41
