0 481 
0 2 
0 1595 
0 1902 
1 1731 
1 1670 
1 105 
1 1426 
1 2499 
1 1785 
1 2078 
2 1690 
2 1470 
3 1745 
3 2386 
3 5 
4 1870 
4 6 
5 325 
5 6 
6 230 
6 7 
6 401 
6 2013 
7 544 
7 484 
7 1983 
8 10 
8 346 
8 453 
9 353 
9 227 
9 11 
9 375 
10 1888 
10 1303 
10 1737 
10 1789 
11 1824 
11 858 
11 13 
12 592 
12 260 
12 2374 
13 321 
13 14 
13 218 
13 2014 
14 962 
14 1741 
14 15 
15 1359 
15 16 
15 17 
15 436 
15 2141 
16 515 
16 1607 
16 1311 
17 1924 
17 1201 
17 18 
17 564 
18 326 
18 1304 
19 2087 
19 1813 
19 1275 
20 997 
20 1192 
20 21 
20 22 
21 1401 
21 23 
22 291 
22 1159 
22 2254 
22 913 
22 2163 
22 2173 
23 2027 
23 494 
24 25 
24 26 
24 1029 
25 529 
25 27 
26 28 
26 613 
27 768 
27 28 
28 29 
28 30 
29 390 
29 1524 
29 696 
30 1979 
30 1717 
31 32 
31 2160 
32 40 
32 33 
33 193 
33 34 
33 484 
33 1703 
33 782 
34 1127 
34 881 
34 2432 
35 2120 
35 1496 
35 1355 
36 37 
36 778 
36 1752 
36 1273 
37 325 
37 38 
37 1241 
38 40 
38 39 
39 256 
39 1273 
40 870 
40 2151 
40 2162 
40 1655 
40 1690 
40 2140 
40 1951 
41 194 
41 43 
41 1358 
41 154 
42 930 
42 2088 
42 834 
42 241 
42 1330 
42 861 
43 1252 
43 358 
43 2056 
43 1388 
43 980 
44 897 
44 46 
44 1617 
45 2082 
45 325 
46 48 
46 1238 
46 47 
47 1574 
47 2486 
47 1975 
47 540 
48 49 
48 1981 
48 1559 
49 1801 
49 50 
49 687 
50 1317 
50 51 
50 1431 
50 799 
51 2182 
51 1736 
51 52 
51 314 
51 765 
52 1423 
52 2099 
52 53 
52 571 
53 832 
53 1506 
53 809 
53 1845 
53 986 
54 2000 
54 1648 
54 931 
54 1659 
55 57 
55 239 
56 57 
56 58 
56 1151 
57 1094 
57 725 
57 1462 
58 1409 
58 807 
58 1578 
59 827 
59 227 
59 2299 
59 61 
60 61 
60 62 
61 99 
61 1029 
61 1254 
61 350 
62 1897 
62 590 
62 895 
62 63 
63 1257 
63 1687 
63 1721 
63 1756 
63 862 
64 394 
64 1071 
64 2007 
65 1408 
65 802 
65 1327 
65 533 
65 185 
66 2232 
66 380 
66 1996 
67 2144 
67 2295 
68 1305 
68 70 
69 720 
69 240 
69 1938 
69 1365 
70 2093 
70 1006 
70 1745 
70 954 
71 2048 
71 1705 
71 842 
71 434 
71 1045 
72 579 
72 1432 
72 603 
73 74 
73 138 
73 1806 
74 75 
74 76 
75 2145 
75 76 
75 234 
76 1352 
76 77 
76 78 
76 365 
77 2030 
77 78 
78 80 
78 1502 
78 79 
79 80 
79 1853 
80 2023 
80 1385 
80 1164 
80 1965 
80 863 
81 1496 
81 83 
81 1431 
82 104 
82 2052 
82 83 
83 1512 
83 1095 
83 1260 
83 882 
83 1937 
83 84 
83 1236 
83 2247 
84 964 
84 1157 
84 498 
84 368 
85 578 
85 1105 
85 1055 
86 1578 
86 87 
87 1760 
87 88 
87 89 
87 1340 
88 90 
88 1038 
89 2137 
89 1627 
89 989 
90 2319 
90 882 
90 1364 
90 91 
91 2027 
91 92 
91 93 
92 474 
92 338 
92 93 
92 1886 
93 454 
93 1458 
93 218 
94 739 
94 1802 
94 95 
95 96 
95 97 
95 313 
96 242 
96 574 
97 808 
97 2292 
97 2486 
98 100 
98 774 
99 1341 
99 1789 
100 1368 
100 2140 
100 1122 
101 740 
101 2118 
101 1486 
101 103 
102 103 
102 1453 
102 1277 
102 1144 
102 700 
102 1437 
103 2158 
103 1808 
103 1297 
103 206 
104 1260 
104 1815 
104 1180 
105 1056 
105 423 
105 2255 
105 636 
106 600 
106 107 
106 965 
107 2230 
107 1645 
107 1949 
108 1888 
108 969 
108 621 
108 2166 
108 2492 
109 617 
109 841 
109 111 
110 112 
110 1799 
110 120 
110 458 
110 506 
111 1728 
111 1493 
112 1964 
112 2446 
112 114 
112 212 
113 2066 
113 115 
114 902 
114 2161 
114 115 
114 791 
115 1480 
115 2349 
115 116 
115 1975 
115 1215 
116 1555 
116 1269 
116 750 
117 1673 
117 851 
117 945 
118 2197 
118 119 
119 680 
119 1263 
119 378 
120 817 
120 725 
121 713 
121 2444 
122 1728 
122 1915 
122 123 
122 124 
123 976 
123 1199 
123 880 
124 141 
124 786 
124 2070 
124 184 
124 1149 
124 126 
125 547 
125 1807 
125 920 
125 126 
126 2426 
126 127 
126 1567 
127 888 
127 2077 
128 130 
128 1931 
129 1910 
129 799 
130 697 
130 1047 
131 1508 
131 1894 
131 1707 
131 132 
132 2433 
132 1836 
133 987 
133 1822 
133 1615 
134 1088 
134 136 
134 1967 
134 1686 
135 136 
135 1440 
135 1788 
135 2165 
135 446 
136 1200 
136 137 
137 2445 
137 1997 
138 1537 
138 1606 
138 139 
138 1109 
138 1401 
139 225 
139 2277 
139 1583 
139 2045 
140 1691 
140 2348 
140 918 
140 782 
141 422 
141 1350 
142 1091 
142 1157 
142 1875 
142 1111 
143 1166 
143 2415 
143 144 
143 2264 
143 382 
144 2368 
144 2401 
144 1291 
144 1973 
144 1499 
145 2117 
145 648 
145 1647 
146 2405 
146 780 
146 2095 
146 978 
146 147 
146 1336 
147 2372 
147 1798 
147 1930 
148 355 
148 150 
149 384 
149 2475 
149 821 
149 856 
150 152 
150 537 
151 1827 
151 934 
151 839 
151 152 
152 1762 
152 580 
152 201 
152 154 
153 154 
153 1762 
153 767 
154 1659 
154 1772 
154 881 
154 1175 
154 1850 
154 155 
155 480 
155 1952 
155 1074 
156 157 
156 1655 
157 1442 
157 982 
157 319 
158 160 
158 658 
158 159 
158 1343 
159 2150 
159 1226 
159 2133 
160 1426 
160 2196 
160 1366 
160 346 
161 2434 
161 1509 
161 2167 
161 1592 
162 1602 
162 1252 
162 2422 
162 1873 
162 630 
163 1889 
163 1780 
163 677 
164 2180 
164 626 
165 167 
165 2120 
165 1469 
166 1628 
166 1361 
166 1847 
166 1148 
167 1056 
167 775 
167 1681 
167 1627 
167 1445 
168 1858 
168 170 
168 785 
168 562 
168 502 
168 1848 
169 705 
169 593 
169 499 
169 1117 
170 897 
170 172 
171 597 
171 983 
171 1869 
171 1199 
172 1645 
172 693 
172 1913 
172 2108 
172 1598 
173 203 
173 1450 
173 1933 
173 175 
173 1050 
173 538 
174 2316 
174 1804 
174 1491 
174 244 
175 176 
175 2170 
175 1467 
175 479 
176 1472 
176 716 
177 1063 
177 586 
177 179 
177 794 
178 688 
178 745 
178 1181 
179 1160 
179 399 
179 1490 
179 180 
179 958 
180 836 
180 181 
180 182 
180 223 
181 1733 
181 1197 
182 1289 
182 882 
182 825 
183 184 
183 949 
183 2054 
184 257 
184 1027 
184 1806 
185 1511 
185 2285 
185 1490 
185 187 
185 1023 
186 1392 
186 2308 
186 188 
186 1524 
187 292 
187 1446 
187 2009 
187 1017 
187 189 
188 329 
188 1879 
188 190 
189 2192 
189 1652 
190 1638 
190 889 
190 937 
191 698 
191 955 
191 2399 
192 194 
192 323 
192 1251 
193 869 
193 342 
193 1807 
194 195 
194 524 
194 1008 
194 451 
195 1113 
195 1135 
196 1792 
196 717 
196 198 
197 606 
197 199 
198 2378 
198 1333 
198 1077 
199 200 
199 201 
199 1856 
200 202 
200 934 
200 2062 
201 1925 
201 203 
201 1869 
201 1567 
202 1656 
202 203 
202 999 
203 741 
203 205 
204 205 
204 1688 
204 1370 
204 1791 
205 1814 
205 207 
206 534 
206 2150 
207 208 
207 901 
208 769 
208 2245 
208 209 
208 2228 
209 738 
209 2376 
209 1594 
210 211 
210 780 
211 212 
211 213 
212 716 
212 1070 
212 2001 
212 214 
212 376 
213 764 
213 662 
213 671 
214 1134 
214 215 
215 1721 
215 1009 
216 1009 
216 218 
216 1551 
216 1747 
216 1223 
217 1111 
217 362 
218 1138 
218 1045 
218 219 
219 896 
219 263 
219 880 
219 1403 
220 1265 
220 2370 
220 1543 
220 1122 
221 994 
221 665 
222 2184 
222 223 
223 225 
224 2181 
224 1703 
224 1226 
224 1751 
225 227 
225 1636 
226 1429 
226 1606 
226 425 
227 747 
227 2357 
227 2458 
228 1780 
228 230 
229 1900 
229 902 
229 231 
230 231 
230 1938 
231 232 
231 233 
231 1108 
232 233 
232 1710 
233 235 
233 2259 
233 2043 
233 1598 
234 235 
234 895 
235 237 
235 664 
235 2079 
236 498 
236 1071 
236 237 
236 1493 
237 1159 
237 551 
237 1355 
237 238 
237 942 
237 2460 
238 1667 
238 324 
238 1205 
238 2494 
239 2216 
239 241 
239 2392 
239 2010 
240 1507 
240 369 
240 572 
241 2107 
241 372 
242 517 
242 1096 
242 1523 
242 1047 
242 2173 
243 936 
243 1259 
243 819 
243 1270 
243 1787 
244 246 
245 366 
245 246 
246 2171 
246 1831 
247 248 
247 2062 
248 1574 
248 1683 
248 1846 
248 1496 
249 1553 
249 274 
249 251 
250 1338 
250 252 
251 2159 
251 789 
251 1560 
252 953 
252 253 
253 588 
253 1627 
253 2142 
254 256 
254 648 
254 2017 
255 544 
255 2440 
255 2366 
256 1921 
256 1266 
256 2173 
257 945 
257 1547 
258 259 
258 2364 
259 459 
259 2180 
259 2351 
259 1117 
259 2495 
260 483 
260 1131 
260 722 
260 310 
260 1591 
261 1658 
261 731 
262 1590 
262 2425 
262 2047 
263 264 
263 265 
263 1042 
263 1209 
264 2208 
264 1666 
264 266 
265 305 
265 1425 
265 953 
265 1595 
265 799 
266 1041 
266 1723 
266 671 
267 564 
267 268 
267 2038 
268 1863 
268 1815 
269 2371 
269 271 
269 447 
270 432 
270 328 
270 271 
270 272 
271 2056 
271 272 
271 273 
271 668 
272 273 
272 274 
273 274 
273 275 
273 458 
274 656 
274 382 
275 545 
275 1255 
275 276 
276 512 
276 1610 
276 278 
277 940 
277 2142 
277 278 
278 1250 
278 487 
278 2239 
279 281 
279 2497 
280 640 
280 702 
281 2155 
281 282 
281 283 
282 1927 
282 701 
282 315 
282 284 
282 1693 
283 2401 
283 1276 
283 430 
283 369 
283 1078 
283 284 
284 1962 
284 1308 
284 285 
285 2213 
285 1207 
286 1027 
286 1554 
286 355 
286 1882 
286 1403 
286 1054 
286 1087 
287 289 
287 406 
287 693 
288 1097 
288 2098 
288 1782 
288 1951 
289 640 
289 1099 
289 1965 
289 535 
289 1789 
290 2470 
290 2408 
290 522 
290 820 
291 2080 
291 293 
291 816 
292 987 
293 2240 
293 295 
293 2347 
293 851 
294 320 
294 296 
294 890 
295 2144 
295 1218 
295 1415 
295 297 
295 802 
296 297 
296 1418 
296 907 
297 298 
297 639 
298 1216 
298 1933 
298 1456 
298 2075 
298 1663 
299 2386 
299 1115 
299 300 
300 1797 
300 1446 
300 1557 
300 2073 
300 954 
301 1811 
301 716 
302 1736 
302 303 
302 669 
302 1182 
303 1828 
303 447 
304 1682 
304 2261 
304 1352 
305 971 
305 306 
305 794 
306 987 
306 308 
306 1047 
307 2122 
307 308 
308 2319 
308 1008 
308 1777 
308 2002 
308 309 
309 1929 
309 1450 
310 311 
311 2240 
311 1592 
311 361 
311 664 
311 312 
311 831 
312 1990 
312 2359 
312 2073 
312 314 
313 2058 
313 1694 
314 315 
315 995 
315 2453 
315 347 
316 1122 
316 318 
317 608 
317 2138 
317 318 
318 566 
318 2397 
318 319 
319 321 
319 1596 
320 321 
320 1800 
320 1755 
320 1149 
321 322 
322 695 
322 1820 
322 1128 
323 1351 
323 765 
324 514 
324 326 
325 329 
325 651 
326 328 
326 1897 
326 1259 
326 2326 
326 1048 
326 1407 
327 1927 
327 744 
327 504 
327 1018 
328 803 
328 329 
329 331 
329 528 
329 648 
329 2456 
330 513 
330 2442 
330 332 
331 1504 
331 347 
331 509 
332 838 
332 2345 
332 333 
332 334 
333 1441 
333 1106 
333 1083 
334 995 
334 813 
334 517 
335 336 
335 337 
335 1725 
336 1969 
336 1180 
337 1640 
337 1847 
337 2346 
337 339 
338 2208 
338 747 
338 788 
339 556 
339 1615 
339 658 
339 1947 
340 2435 
340 1511 
340 1422 
340 2129 
340 1852 
341 1808 
341 2075 
341 1597 
342 343 
343 344 
343 1212 
343 1798 
344 1881 
344 2260 
344 1740 
345 346 
345 683 
345 1749 
345 461 
346 707 
346 1303 
346 1113 
347 1228 
347 2414 
348 1224 
348 1762 
348 349 
349 388 
349 420 
349 350 
349 2209 
350 352 
350 1183 
350 1732 
351 353 
351 610 
351 1896 
351 2282 
351 1879 
351 1996 
351 1335 
352 1312 
352 354 
352 794 
352 895 
353 1867 
353 878 
353 2416 
353 983 
354 1688 
354 919 
355 1865 
355 1782 
355 1300 
355 2429 
356 2448 
356 358 
356 1354 
356 2160 
357 448 
357 1491 
358 549 
358 2342 
358 1076 
358 1525 
359 360 
359 875 
359 1022 
360 361 
360 1898 
361 965 
361 363 
362 868 
362 559 
362 2479 
363 835 
363 473 
363 1022 
364 809 
364 1977 
364 366 
365 517 
365 1854 
366 2403 
366 422 
366 368 
366 1816 
366 2364 
367 368 
367 2028 
367 894 
368 2291 
369 1103 
369 371 
370 372 
370 1461 
371 2243 
371 2343 
371 372 
372 2383 
372 1333 
373 784 
373 1007 
373 374 
373 375 
374 1320 
374 810 
374 1332 
374 1911 
374 2154 
375 1170 
376 377 
376 1943 
377 378 
377 379 
378 2412 
378 380 
379 1676 
379 380 
379 2033 
380 1249 
380 1454 
381 1314 
381 1060 
381 711 
381 2290 
381 1976 
381 382 
381 383 
382 384 
383 385 
383 2044 
384 386 
384 1036 
384 1709 
385 674 
385 1452 
385 1782 
386 387 
386 388 
386 595 
386 1719 
387 2401 
387 2493 
388 832 
388 1826 
388 1402 
389 859 
389 390 
390 2470 
390 807 
390 2429 
391 1818 
391 2395 
392 1957 
392 393 
392 1651 
392 442 
393 1985 
393 1741 
393 731 
394 395 
394 2230 
395 649 
395 396 
395 933 
396 707 
396 398 
396 835 
396 1881 
397 912 
397 914 
397 407 
398 993 
398 2365 
399 401 
399 1643 
399 1279 
400 401 
400 785 
401 891 
401 446 
402 1604 
402 2227 
402 1484 
403 404 
403 405 
403 1660 
404 1252 
404 939 
404 433 
404 406 
405 2312 
405 1483 
405 407 
405 1726 
406 1058 
407 2000 
407 883 
408 409 
408 1319 
408 975 
409 2281 
409 2062 
409 2417 
409 411 
409 1180 
410 965 
410 1910 
410 2231 
411 587 
411 438 
411 1432 
411 925 
412 1905 
412 678 
412 1361 
413 1289 
413 838 
413 415 
414 416 
414 1424 
414 1675 
415 1615 
415 1302 
415 2359 
415 1210 
416 1484 
416 911 
416 1299 
416 2044 
417 2256 
417 2363 
417 419 
418 1449 
418 2476 
419 1012 
419 421 
419 1933 
420 2074 
420 421 
421 2000 
421 422 
422 1487 
422 616 
422 1301 
422 1143 
422 1916 
423 425 
424 1545 
424 2442 
424 1154 
425 1887 
426 2278 
426 1434 
426 428 
427 1624 
427 429 
428 2214 
428 1234 
428 1354 
429 2048 
429 2163 
429 2430 
430 1715 
430 431 
431 432 
431 1356 
432 2036 
432 1148 
432 1405 
433 679 
434 1455 
434 435 
434 1401 
435 1841 
435 436 
435 2229 
435 2037 
435 1086 
436 1683 
436 1033 
437 1089 
437 1501 
438 2124 
438 1880 
439 2336 
439 753 
439 2021 
439 441 
440 2151 
440 1002 
440 1454 
440 442 
440 2074 
441 1819 
441 1432 
442 910 
442 443 
442 989 
443 737 
443 997 
443 753 
443 2040 
443 2149 
444 1380 
444 446 
445 1093 
445 553 
445 1368 
445 1178 
445 446 
446 1555 
447 830 
448 2048 
448 461 
448 1549 
448 1915 
449 1599 
449 451 
449 599 
450 1265 
450 939 
451 2472 
452 931 
452 453 
452 1111 
453 2306 
453 849 
453 2354 
453 1535 
454 456 
454 2494 
455 1584 
455 457 
455 2105 
456 2340 
456 457 
456 1001 
456 1051 
457 1920 
457 2016 
457 1286 
457 2260 
458 459 
459 641 
459 938 
460 1492 
460 1958 
460 1463 
461 613 
461 2246 
461 462 
461 463 
462 464 
462 2184 
462 463 
463 2418 
463 1853 
464 1377 
464 2499 
464 1098 
464 2059 
464 470 
465 1605 
465 1427 
465 467 
465 2011 
466 808 
466 907 
466 1065 
467 2306 
467 1202 
467 1264 
467 2322 
467 1342 
467 1791 
468 1230 
468 470 
468 2007 
469 1114 
469 2454 
470 581 
470 2119 
470 1001 
471 1090 
471 2436 
471 619 
471 473 
471 1013 
472 777 
472 2438 
473 2431 
473 531 
473 514 
474 1178 
474 476 
475 1844 
475 476 
475 477 
475 1065 
476 1826 
476 2403 
476 1059 
477 582 
477 1831 
477 584 
477 1455 
478 480 
478 2207 
478 479 
479 694 
479 1143 
480 481 
480 2443 
480 2160 
481 482 
481 2243 
482 2110 
482 1134 
483 866 
483 1251 
483 1516 
483 2197 
483 639 
484 871 
485 2295 
485 487 
486 488 
486 2118 
487 1208 
487 489 
488 964 
488 489 
488 725 
488 598 
489 1042 
489 1700 
490 1096 
490 491 
491 1779 
491 492 
492 1840 
492 727 
493 1792 
493 1504 
493 1602 
494 1131 
494 2238 
495 496 
495 1921 
496 1161 
496 2479 
497 2063 
497 776 
498 1216 
498 1607 
499 2381 
499 1810 
499 565 
499 730 
500 1440 
500 1581 
500 501 
500 570 
500 794 
501 1305 
501 612 
501 1802 
501 2075 
501 1980 
501 1258 
502 504 
502 1723 
503 504 
503 1151 
504 1345 
505 506 
505 1692 
506 1796 
506 1807 
507 884 
507 509 
508 1991 
508 799 
509 1484 
509 511 
509 510 
509 2047 
510 512 
510 1411 
510 511 
511 2412 
511 2383 
511 1237 
511 2488 
512 1232 
512 693 
513 941 
514 2360 
514 1630 
514 2159 
515 1285 
515 1350 
515 1583 
515 924 
516 1506 
516 2218 
516 1131 
516 1294 
516 1459 
517 1157 
517 2223 
518 1650 
518 2163 
519 676 
519 521 
519 1521 
520 1010 
520 522 
520 2333 
521 1670 
521 2004 
521 885 
522 524 
522 1041 
522 1885 
523 948 
523 525 
524 1449 
524 526 
524 1833 
525 984 
525 1864 
526 1168 
526 979 
526 1012 
526 2104 
526 2228 
527 2129 
527 2194 
528 2184 
528 2377 
529 745 
529 737 
530 1536 
530 2375 
530 2222 
530 532 
531 845 
531 1522 
531 532 
531 533 
532 1986 
532 2404 
532 1234 
533 1894 
533 919 
534 1807 
534 757 
534 1334 
534 663 
535 1317 
535 1569 
535 2047 
536 537 
536 1074 
536 2237 
537 2496 
537 1728 
537 2125 
538 1408 
538 1042 
539 2439 
539 1703 
539 2269 
539 1649 
539 1267 
540 1568 
540 2134 
540 541 
541 1835 
541 542 
542 968 
542 543 
543 545 
543 1151 
544 1043 
544 739 
545 1094 
545 2165 
546 1136 
546 547 
546 731 
547 909 
547 2031 
548 1011 
548 549 
548 2190 
549 551 
549 1612 
549 2164 
550 552 
550 994 
550 551 
551 1312 
551 552 
551 2488 
551 634 
552 614 
552 859 
553 1889 
553 2279 
554 1313 
554 986 
554 556 
555 1622 
555 719 
556 999 
556 1457 
557 625 
557 1308 
558 665 
558 580 
558 589 
559 2119 
559 561 
559 1269 
560 579 
560 1096 
560 1966 
560 561 
560 562 
561 1528 
561 2078 
561 2495 
562 1184 
562 1584 
563 1137 
563 1195 
563 565 
564 566 
565 1683 
565 1949 
566 2220 
566 2455 
566 1114 
567 2131 
567 2348 
568 722 
568 986 
568 570 
569 2465 
569 898 
569 571 
570 2148 
570 2031 
570 2260 
570 571 
571 572 
571 623 
572 2254 
572 574 
572 1278 
573 1957 
573 615 
573 1063 
573 2327 
574 576 
574 1621 
574 1113 
575 2251 
575 1223 
575 1033 
575 1131 
576 577 
576 578 
576 2100 
576 1375 
577 578 
577 730 
578 579 
578 580 
579 1628 
579 2044 
579 2334 
580 581 
581 853 
582 584 
582 583 
583 2368 
583 585 
584 1157 
584 1644 
584 1392 
584 2011 
584 1468 
585 2025 
585 1290 
585 2252 
585 1276 
585 1534 
586 778 
586 1742 
587 1170 
587 2171 
588 2115 
588 1876 
588 590 
589 1701 
589 591 
590 592 
591 593 
591 1834 
592 593 
592 1812 
592 1111 
593 2290 
594 1665 
594 595 
595 1920 
595 1829 
595 2281 
595 1038 
595 597 
596 1786 
596 1179 
597 1521 
597 1719 
597 792 
598 600 
598 2107 
599 1369 
600 1448 
600 943 
600 1469 
601 1216 
601 689 
601 2148 
602 690 
602 818 
602 1750 
603 1442 
603 1766 
604 1232 
604 648 
604 1195 
605 2025 
605 1233 
605 984 
605 607 
606 608 
606 607 
607 608 
607 972 
607 2191 
608 2317 
608 1294 
608 628 
609 610 
609 611 
610 1668 
610 1101 
610 697 
611 2075 
611 687 
612 1600 
612 1635 
612 1257 
612 1616 
612 2293 
613 2086 
614 2145 
614 2468 
614 2374 
614 616 
614 1578 
614 2413 
615 1112 
615 863 
616 2059 
617 618 
617 1454 
618 1346 
618 1033 
618 1884 
619 1990 
619 936 
619 620 
620 672 
620 1934 
620 2097 
621 1863 
621 2220 
621 797 
622 1504 
622 1562 
622 1733 
622 1453 
622 623 
623 625 
623 959 
624 626 
624 2390 
625 1120 
625 627 
625 1851 
626 801 
626 850 
626 1119 
627 1729 
627 1521 
627 810 
628 630 
629 1521 
629 1594 
629 2239 
630 632 
631 2370 
631 1171 
631 1658 
631 1099 
632 634 
632 1810 
633 1917 
633 634 
633 1199 
633 1151 
634 2288 
634 636 
634 1471 
635 1937 
635 636 
635 797 
635 1569 
636 2064 
636 2332 
637 1383 
637 1130 
637 660 
637 1463 
638 1559 
638 2491 
638 639 
639 640 
639 1298 
640 1187 
640 931 
641 2287 
641 1622 
641 860 
642 648 
642 644 
642 2070 
643 1251 
643 644 
644 835 
644 646 
644 1705 
644 1391 
644 1657 
644 2238 
645 2402 
645 1926 
645 1383 
645 2050 
645 1934 
645 2453 
646 2020 
646 2374 
646 1629 
646 1759 
647 1665 
647 649 
647 1549 
648 1123 
648 1801 
648 1243 
649 651 
649 916 
649 1757 
649 1406 
650 651 
650 652 
651 652 
651 653 
651 1993 
652 1038 
652 1351 
653 852 
653 924 
653 2348 
653 655 
654 2179 
654 1030 
654 656 
654 1724 
655 1793 
655 1507 
655 657 
656 2337 
656 658 
656 807 
657 1880 
657 658 
657 659 
657 2022 
658 1626 
659 1970 
659 660 
660 1432 
661 2018 
661 1524 
661 662 
662 994 
662 1014 
662 663 
663 1767 
663 1959 
664 1152 
665 1002 
666 1829 
666 1414 
666 1746 
666 922 
667 1514 
667 668 
668 2112 
668 769 
668 2081 
668 683 
669 671 
670 2353 
670 963 
670 2165 
670 779 
671 1153 
672 673 
672 1742 
673 675 
673 683 
673 694 
674 1125 
674 2125 
674 1614 
675 677 
675 2478 
675 1233 
676 792 
676 1928 
677 679 
677 2376 
677 739 
678 679 
678 680 
678 2287 
679 2120 
679 2213 
680 682 
680 699 
681 1505 
681 1271 
681 1031 
681 2351 
682 2411 
682 772 
682 683 
682 684 
682 2221 
682 1685 
683 684 
684 685 
684 686 
685 995 
685 2128 
685 915 
685 692 
685 1751 
686 1290 
686 1902 
686 687 
687 2414 
687 1471 
688 689 
688 2483 
689 1223 
689 958 
690 2346 
690 692 
690 1532 
691 2481 
691 692 
691 693 
692 1188 
692 1227 
692 2204 
693 2004 
694 807 
694 1040 
694 2204 
695 1241 
695 2269 
696 698 
696 831 
697 699 
698 738 
698 1192 
698 1165 
698 699 
699 1989 
699 1927 
699 700 
699 701 
700 2051 
700 1383 
701 2185 
701 925 
702 704 
702 1284 
703 704 
703 705 
703 2038 
704 705 
704 1291 
704 1101 
704 982 
705 707 
705 1575 
706 1255 
706 878 
707 1035 
707 1618 
708 2494 
708 1749 
709 1000 
709 710 
709 1384 
710 712 
710 1846 
710 711 
711 2469 
711 2094 
711 2333 
712 713 
712 714 
713 1899 
713 2092 
714 1577 
714 2356 
714 1433 
714 1786 
714 1908 
715 2432 
715 865 
715 716 
715 2105 
716 717 
717 718 
717 2180 
717 1247 
718 1712 
718 1037 
719 720 
719 2030 
719 2331 
720 1239 
720 2104 
721 2331 
721 2017 
721 1210 
722 1464 
722 1396 
723 724 
723 725 
724 785 
724 725 
724 1301 
725 726 
726 1858 
726 1933 
726 727 
726 2261 
727 1840 
727 1204 
727 1334 
728 729 
728 1452 
729 1344 
729 1435 
729 731 
730 1073 
730 2451 
730 731 
731 771 
731 1975 
731 2203 
732 1228 
732 1778 
732 2131 
732 2197 
732 1912 
732 2271 
733 2310 
733 775 
733 1832 
733 735 
734 736 
734 1044 
735 736 
735 737 
735 1539 
736 1776 
736 817 
736 1810 
736 1433 
736 2397 
737 738 
737 2298 
738 1986 
738 740 
738 1940 
739 741 
739 1463 
740 742 
740 1844 
740 1205 
740 950 
740 763 
741 743 
742 1980 
742 1709 
742 1884 
743 1059 
743 1403 
744 1164 
744 1228 
744 2182 
745 1058 
745 2151 
746 1572 
746 1763 
747 900 
747 748 
748 750 
748 1775 
748 1301 
748 2298 
749 1561 
749 1699 
749 1743 
750 2372 
750 2239 
751 1996 
751 1830 
752 753 
752 1861 
752 1819 
753 2081 
753 2313 
754 1472 
754 972 
754 1390 
755 1162 
755 757 
755 1645 
756 841 
756 1653 
757 2471 
757 759 
758 2378 
758 785 
758 2322 
758 760 
759 2424 
759 761 
760 1522 
760 2435 
760 845 
761 1105 
761 1514 
762 1321 
762 763 
762 764 
763 1573 
763 2375 
763 2383 
763 2192 
764 765 
765 1040 
765 766 
766 768 
766 1449 
766 880 
766 767 
767 768 
767 1283 
767 1319 
768 770 
768 1544 
768 1970 
770 880 
770 921 
770 1369 
771 1584 
771 1141 
771 1117 
771 1279 
772 1443 
772 1983 
773 2257 
773 1016 
774 775 
774 909 
774 1901 
774 853 
776 777 
776 778 
777 778 
777 947 
777 1962 
778 2497 
778 2276 
778 779 
778 1388 
778 1020 
779 1865 
779 2318 
780 1819 
780 1191 
781 1444 
781 782 
782 783 
783 1003 
783 1468 
784 2148 
786 2137 
787 789 
787 1462 
787 991 
788 1545 
788 2450 
788 1854 
789 2260 
789 2328 
790 792 
790 791 
791 1043 
791 793 
792 793 
793 794 
793 795 
793 2199 
794 2168 
795 2145 
795 1254 
795 1784 
795 797 
796 890 
796 798 
797 2118 
798 939 
798 1173 
800 801 
800 1115 
800 1371 
801 2245 
801 948 
802 949 
802 2171 
803 805 
804 805 
804 806 
805 806 
805 807 
805 2216 
805 1482 
805 1379 
806 807 
806 812 
806 1727 
807 810 
807 1809 
807 1460 
807 2425 
808 1346 
808 1362 
808 1627 
808 1119 
810 812 
811 2418 
811 812 
812 1691 
813 1068 
813 1139 
813 814 
813 2139 
814 901 
814 2146 
814 815 
815 2474 
815 1068 
815 816 
816 818 
817 1439 
818 819 
818 1758 
819 2004 
819 1386 
819 1662 
819 1567 
820 2024 
820 822 
821 822 
822 1824 
822 1124 
822 1021 
823 1928 
823 1033 
824 825 
824 1621 
825 1314 
825 1924 
825 826 
826 1857 
826 1989 
826 828 
827 917 
827 829 
828 829 
828 830 
829 853 
829 1927 
830 2344 
830 1515 
830 831 
831 832 
832 2464 
832 2024 
833 993 
833 2013 
834 1333 
834 1966 
836 976 
836 837 
837 1585 
837 839 
838 1701 
838 840 
838 2164 
839 841 
840 1801 
840 2339 
840 1103 
841 843 
842 1667 
842 1381 
842 843 
843 1354 
843 845 
843 1866 
844 1848 
844 2140 
845 2474 
845 2034 
846 1158 
846 1162 
846 2109 
846 1519 
847 872 
847 2188 
847 848 
847 2040 
847 1275 
848 850 
848 2133 
848 1399 
848 1176 
849 850 
849 1970 
850 852 
851 852 
852 2407 
853 867 
853 1002 
853 875 
853 1869 
853 855 
854 873 
854 1077 
854 2233 
855 1032 
855 857 
856 857 
856 858 
857 1826 
857 2408 
857 2254 
857 1586 
857 1141 
857 858 
858 1481 
858 860 
859 2304 
859 2007 
859 2331 
859 860 
860 2148 
860 1744 
860 1087 
861 863 
862 864 
862 2029 
862 1398 
863 1476 
863 905 
864 1110 
864 2245 
865 867 
865 2449 
866 1657 
867 1930 
867 2247 
868 2267 
868 1417 
868 1547 
868 2235 
868 1470 
869 1372 
869 2287 
870 2251 
871 873 
871 1842 
871 2300 
872 2402 
873 1552 
873 2090 
873 875 
874 1107 
874 2335 
875 896 
875 1795 
875 877 
875 1304 
876 2250 
876 2443 
876 877 
877 1672 
877 878 
877 1011 
877 2140 
878 1197 
878 1651 
878 1241 
878 2425 
879 880 
879 2184 
879 1306 
881 2048 
881 2195 
882 883 
882 1149 
883 1869 
883 927 
884 885 
884 886 
884 1400 
885 1667 
885 886 
885 1692 
886 1704 
886 888 
886 2462 
886 1941 
887 1768 
887 889 
888 2422 
888 1525 
888 890 
889 1780 
889 2095 
890 1064 
890 2431 
891 1189 
891 1202 
891 1171 
891 2469 
892 1297 
892 1495 
892 1310 
893 1856 
893 1284 
893 1157 
893 2354 
894 2216 
894 1916 
894 1069 
895 1750 
897 1276 
898 1216 
898 900 
898 2089 
899 2065 
899 1429 
899 901 
900 2299 
901 1536 
901 1675 
901 1272 
901 1439 
902 1202 
903 1352 
903 2048 
903 1921 
904 1315 
904 1274 
905 1352 
905 907 
905 1037 
905 1341 
906 1844 
906 1229 
907 2093 
907 1384 
908 2184 
908 2396 
908 1021 
909 2068 
909 2173 
910 1012 
910 1270 
911 1963 
912 2465 
912 914 
913 1622 
914 2479 
914 915 
914 1718 
915 1155 
915 1864 
915 1582 
915 1334 
916 1878 
916 918 
917 1868 
918 2466 
918 1572 
918 1898 
919 2306 
919 948 
920 1161 
920 982 
920 2327 
920 921 
921 1267 
922 923 
922 924 
923 2442 
923 1742 
923 925 
924 1918 
924 926 
925 1821 
925 2387 
925 1493 
925 1276 
926 1191 
926 1129 
926 927 
927 928 
927 929 
927 1546 
928 2303 
928 1542 
929 1841 
929 1941 
929 1309 
930 1842 
930 2426 
931 1811 
932 933 
932 934 
933 1714 
933 1051 
934 935 
935 1536 
935 937 
935 2206 
937 938 
937 1974 
937 2039 
938 940 
938 1128 
939 1664 
939 1768 
939 2271 
940 1662 
941 943 
941 2163 
941 2431 
942 943 
943 2059 
943 2261 
944 1866 
944 2419 
944 1971 
944 1406 
945 947 
946 2001 
946 1878 
946 1374 
947 1025 
947 2150 
947 1524 
947 2170 
948 1045 
949 1326 
949 950 
950 1228 
950 1389 
950 1502 
951 1478 
951 2119 
951 952 
951 2380 
952 2317 
952 1524 
952 953 
952 954 
953 2051 
953 1004 
953 2039 
954 2089 
954 2286 
955 1440 
955 1157 
955 2070 
956 1264 
956 2393 
956 958 
957 1932 
957 2100 
957 959 
958 2032 
959 1621 
959 2046 
960 966 
960 968 
960 1679 
960 2231 
960 2364 
961 962 
961 963 
961 2239 
962 964 
963 2396 
964 965 
964 966 
964 2261 
965 967 
966 1834 
966 967 
967 968 
967 969 
967 1497 
968 969 
968 2026 
969 971 
969 1332 
969 2203 
970 972 
970 1415 
971 973 
971 1038 
972 2436 
972 2088 
973 1872 
973 975 
974 976 
974 2388 
974 2407 
975 1642 
975 1939 
976 1129 
977 978 
977 979 
978 980 
979 1516 
979 1779 
980 982 
981 2433 
981 1791 
982 1091 
982 1494 
983 2291 
984 986 
985 986 
985 2076 
985 1879 
986 1969 
987 1133 
988 989 
988 990 
988 2399 
989 1090 
989 1300 
990 2466 
990 2124 
990 2205 
991 993 
991 1678 
991 1360 
991 1940 
992 993 
992 994 
993 1316 
993 2473 
993 1868 
994 1101 
994 1560 
994 1054 
995 996 
995 1983 
996 1220 
996 998 
996 1835 
996 1251 
997 1257 
998 2435 
998 999 
999 2432 
999 1875 
999 2484 
1000 1872 
1000 1001 
1001 1282 
1001 2064 
1002 2287 
1003 2069 
1003 1951 
1004 1944 
1004 1646 
1005 1070 
1005 1006 
1006 1008 
1006 1007 
1007 1772 
1007 1009 
1008 1585 
1008 2203 
1009 1258 
1010 1011 
1011 1795 
1011 2483 
1012 2134 
1013 1015 
1014 2026 
1014 2416 
1014 1015 
1015 1224 
1015 1378 
1016 1027 
1016 1018 
1017 1018 
1017 2092 
1018 2144 
1019 1020 
1019 1021 
1020 1021 
1021 1624 
1021 1022 
1022 1023 
1023 1025 
1023 2347 
1024 1025 
1024 1133 
1025 1027 
1025 1655 
1025 1727 
1026 1027 
1026 1028 
1027 2432 
1027 1679 
1027 2262 
1028 1029 
1028 1030 
1028 2430 
1028 1694 
1029 1245 
1030 1031 
1030 2058 
1030 1458 
1031 1096 
1031 2418 
1031 2233 
1032 1033 
1032 1034 
1033 2053 
1033 1434 
1034 2176 
1034 1035 
1034 1036 
1035 1036 
1035 1378 
1036 1218 
1036 2271 
1037 2468 
1039 1041 
1039 1426 
1040 2423 
1040 1783 
1040 1623 
1040 2360 
1041 2400 
1042 2226 
1042 1929 
1044 1045 
1044 1046 
1045 1295 
1046 1048 
1046 1376 
1047 1733 
1047 2123 
1047 1396 
1048 1411 
1048 1930 
1048 1880 
1048 1081 
1049 1168 
1049 1066 
1050 2418 
1050 2268 
1050 2141 
1051 1572 
1051 1335 
1051 1052 
1052 1764 
1052 1054 
1053 1860 
1053 2449 
1053 1847 
1053 1055 
1054 2032 
1054 1298 
1055 1664 
1055 2207 
1056 1057 
1056 2316 
1057 1059 
1057 1243 
1058 1059 
1058 1060 
1058 1563 
1059 1060 
1059 1541 
1059 1704 
1059 2103 
1059 2212 
1059 1726 
1060 1061 
1061 1170 
1061 1911 
1062 1064 
1062 2102 
1062 1063 
1063 2020 
1063 1065 
1063 2262 
1064 1730 
1064 1731 
1064 1065 
1064 1066 
1065 1388 
1066 1795 
1066 2249 
1066 1067 
1067 1720 
1067 1069 
1068 1883 
1068 1070 
1069 1933 
1069 1071 
1070 1299 
1070 1556 
1072 2472 
1072 1897 
1072 1295 
1072 1074 
1072 1493 
1072 2447 
1073 1074 
1073 1803 
1074 1988 
1074 1393 
1074 1805 
1075 2417 
1075 1895 
1075 2191 
1076 1077 
1077 2147 
1077 1079 
1078 1079 
1079 1302 
1079 1252 
1079 1206 
1079 1993 
1079 2133 
1080 1082 
1080 2330 
1081 1082 
1082 2187 
1082 1084 
1082 2084 
1083 1945 
1083 1292 
1084 2376 
1084 2090 
1084 1480 
1084 2488 
1084 1883 
1085 1140 
1085 1086 
1085 1087 
1086 1842 
1086 1087 
1087 1670 
1087 1505 
1088 1090 
1088 2467 
1088 2136 
1089 1091 
1089 2362 
1089 1909 
1090 2041 
1091 1299 
1091 1531 
1091 2014 
1092 2193 
1092 1523 
1092 1094 
1093 1927 
1094 2438 
1095 1636 
1097 1345 
1097 1098 
1097 2380 
1098 1945 
1098 2302 
1099 1100 
1100 1543 
1100 1416 
1101 1102 
1102 1536 
1102 1637 
1102 2156 
1102 1567 
1103 2483 
1104 1105 
1104 1106 
1104 1689 
1105 1106 
1105 1107 
1106 1509 
1106 1108 
1106 1821 
1107 1108 
1107 1302 
1108 2086 
1108 1193 
1108 1110 
1108 2013 
1109 1243 
1109 1502 
1110 2304 
1110 1951 
1112 2350 
1112 2325 
1112 2041 
1113 1867 
1113 1115 
1114 1954 
1115 2049 
1115 1116 
1116 1117 
1116 1118 
1118 1120 
1118 1881 
1118 1367 
1119 1121 
1119 1350 
1119 1533 
1119 1398 
1120 1696 
1120 1122 
1120 1374 
1121 1122 
1121 1123 
1122 1123 
1123 1207 
1124 2348 
1124 1497 
1125 1126 
1125 1127 
1125 2398 
1126 2196 
1126 1127 
1127 1461 
1127 1182 
1128 1129 
1128 1130 
1128 1326 
1129 1910 
1129 1527 
1130 1131 
1130 1132 
1131 1132 
1131 1133 
1131 1229 
1131 2143 
1132 1867 
1132 1133 
1132 1134 
1133 1394 
1133 1724 
1134 1774 
1134 2395 
1134 2045 
1135 1136 
1135 1137 
1136 2311 
1136 1873 
1137 1622 
1138 1139 
1138 1228 
1139 1747 
1140 2344 
1141 2213 
1142 1812 
1142 1309 
1143 1392 
1144 1632 
1144 1572 
1144 1145 
1145 1570 
1145 2245 
1145 1712 
1145 1147 
1146 1696 
1146 1147 
1147 2304 
1147 1978 
1148 1452 
1149 2230 
1149 2011 
1150 1444 
1150 1519 
1151 1676 
1151 1773 
1151 1495 
1152 2340 
1152 1269 
1153 1154 
1153 2485 
1153 1386 
1153 2315 
1154 1155 
1154 1156 
1155 1156 
1155 2398 
1156 2454 
1156 2094 
1156 1230 
1158 1159 
1158 1385 
1158 1172 
1158 2392 
1159 2124 
1159 1852 
1159 1214 
1160 1880 
1161 1442 
1161 1163 
1161 1967 
1162 1163 
1162 1164 
1163 1165 
1163 1258 
1164 1166 
1164 1591 
1164 2300 
1165 1325 
1165 1167 
1165 1275 
1166 2358 
1166 1167 
1167 1168 
1167 1169 
1168 2085 
1168 1960 
1168 1170 
1169 1171 
1169 2244 
1170 2434 
1170 1172 
1172 2129 
1172 1174 
1173 2060 
1173 1174 
1174 1480 
1174 1972 
1174 1176 
1175 1390 
1175 1492 
1175 1177 
1176 1177 
1177 1178 
1177 2431 
1179 1180 
1179 1181 
1180 1680 
1180 1756 
1180 1181 
1181 1182 
1182 1184 
1183 2106 
1184 1185 
1184 1186 
1184 1654 
1185 1186 
1185 1434 
1186 1283 
1186 2061 
1186 2134 
1187 1441 
1187 1804 
1187 2492 
1188 1925 
1188 2310 
1189 1952 
1189 1947 
1190 1640 
1190 2213 
1191 1192 
1191 1621 
1192 2236 
1193 1315 
1194 2256 
1194 1225 
1194 1658 
1195 1196 
1195 1197 
1195 1526 
1196 2019 
1196 2470 
1196 2319 
1197 1199 
1197 1875 
1197 2326 
1197 1212 
1197 2495 
1198 2370 
1198 1199 
1198 1200 
1198 2171 
1200 2373 
1200 1607 
1200 1202 
1200 1910 
1200 2106 
1201 1202 
1201 2072 
1201 1982 
1202 1419 
1202 1204 
1203 2441 
1203 1746 
1203 1204 
1204 1205 
1206 2354 
1206 1331 
1206 1877 
1206 2490 
1207 1410 
1207 2118 
1207 1735 
1207 1498 
1208 1765 
1208 2494 
1209 1211 
1209 1861 
1210 2225 
1211 2440 
1211 2382 
1211 1617 
1211 1212 
1212 1961 
1212 2089 
1213 2475 
1213 1476 
1213 1214 
1214 1227 
1214 2476 
1214 1309 
1214 1336 
1214 1311 
1215 1217 
1217 1633 
1217 1218 
1217 2027 
1217 1467 
1219 1220 
1219 1221 
1220 1472 
1220 2346 
1221 2456 
1221 2298 
1222 2401 
1222 1644 
1222 2390 
1224 1348 
1224 1225 
1224 2477 
1224 2234 
1225 1226 
1225 1541 
1226 2368 
1226 1787 
1227 2091 
1227 1446 
1227 2251 
1228 2189 
1229 1383 
1229 1616 
1229 1236 
1230 1804 
1231 1721 
1231 1414 
1231 2351 
1233 1234 
1234 1985 
1234 2110 
1235 1857 
1235 1236 
1236 2233 
1236 2010 
1236 2460 
1237 1238 
1237 1486 
1238 1381 
1238 1961 
1238 2360 
1239 1240 
1239 1241 
1240 1241 
1240 1285 
1240 2462 
1241 1242 
1242 1244 
1242 2318 
1243 2278 
1243 1407 
1244 1346 
1244 1246 
1244 1597 
1245 1941 
1246 2049 
1246 2218 
1246 1585 
1246 2356 
1246 1884 
1247 1249 
1248 2016 
1248 1921 
1248 1250 
1248 2305 
1248 2286 
1248 2450 
1248 1428 
1249 1787 
1249 1701 
1249 1823 
1250 2472 
1250 2323 
1250 2324 
1251 1839 
1251 1463 
1252 2216 
1252 1962 
1253 1825 
1253 1254 
1254 1321 
1254 1400 
1255 1257 
1255 2498 
1255 1425 
1255 2365 
1256 1624 
1256 1258 
1256 2284 
1257 1259 
1257 1901 
1258 1259 
1260 1261 
1261 1262 
1261 1263 
1262 1760 
1262 1866 
1263 2370 
1264 1265 
1264 1848 
1265 1698 
1265 2158 
1265 1266 
1266 1936 
1266 1268 
1267 1832 
1268 1671 
1268 1269 
1268 1917 
1269 1427 
1269 1938 
1270 1516 
1271 1272 
1271 2457 
1272 1505 
1272 2489 
1272 1273 
1272 2233 
1273 1699 
1274 2195 
1274 1276 
1276 2224 
1277 1739 
1277 1893 
1278 1609 
1278 1898 
1278 1849 
1278 1279 
1279 2033 
1279 2411 
1280 1281 
1280 1798 
1281 1282 
1281 1283 
1282 1859 
1282 1284 
1282 1379 
1283 1955 
1283 1284 
1284 1873 
1285 1286 
1286 2497 
1286 2290 
1287 1538 
1287 2383 
1287 2361 
1288 1696 
1288 1289 
1288 2251 
1290 1684 
1290 2007 
1291 1292 
1292 2146 
1292 1512 
1293 1495 
1293 1294 
1293 1295 
1294 1673 
1295 2435 
1295 1723 
1296 1770 
1296 2151 
1298 1299 
1299 1975 
1301 2088 
1301 1999 
1301 2163 
1302 1535 
1303 1304 
1303 1305 
1304 1769 
1304 1306 
1305 1306 
1306 1684 
1306 1433 
1306 1308 
1307 1544 
1307 2066 
1308 1669 
1308 2153 
1308 2136 
1309 2193 
1310 1312 
1310 2300 
1311 1312 
1311 2144 
1312 1525 
1313 1314 
1314 1316 
1314 1841 
1315 1316 
1315 2494 
1316 1317 
1316 1318 
1317 1563 
1317 2206 
1318 1571 
1318 1319 
1318 1748 
1319 2087 
1320 1322 
1322 2344 
1322 1324 
1323 2010 
1323 1325 
1324 1882 
1324 1325 
1325 1379 
1325 2084 
1327 1536 
1328 1330 
1328 1843 
1329 1330 
1329 1331 
1330 1872 
1330 1332 
1331 1740 
1331 1333 
1332 1485 
1332 1333 
1336 2369 
1336 1470 
1337 2048 
1337 1825 
1337 2189 
1338 1664 
1338 1771 
1338 2189 
1338 1909 
1339 1340 
1339 1341 
1340 1341 
1341 1929 
1341 2036 
1342 1917 
1343 1680 
1344 1345 
1344 2338 
1344 2001 
1345 1347 
1345 1603 
1346 1348 
1346 1817 
1347 1349 
1347 1350 
1348 2295 
1348 1918 
1349 2127 
1349 1350 
1349 2239 
1350 1351 
1351 1353 
1351 1931 
1351 1913 
1353 2067 
1353 2402 
1353 1355 
1353 1650 
1354 1355 
1355 2209 
1355 1357 
1356 2119 
1356 1357 
1356 1358 
1356 2329 
1357 2289 
1357 2166 
1357 2361 
1357 1657 
1358 1844 
1359 1360 
1360 1362 
1361 2385 
1361 1362 
1362 1953 
1362 1582 
1363 1780 
1363 1364 
1363 1365 
1364 2404 
1365 2385 
1365 1366 
1366 1926 
1366 2027 
1366 1368 
1367 1369 
1368 1494 
1368 1369 
1369 1633 
1369 2103 
1369 1370 
1370 2122 
1370 1371 
1371 1373 
1372 1797 
1372 2140 
1372 1374 
1373 1660 
1373 1375 
1375 1376 
1376 2304 
1376 1410 
1376 2312 
1376 2414 
1376 1677 
1377 2499 
1377 1980 
1378 1457 
1380 1697 
1380 1382 
1380 1634 
1380 1787 
1382 2445 
1382 1383 
1383 2348 
1383 1597 
1383 2294 
1384 2125 
1385 2480 
1386 1387 
1387 2132 
1387 2007 
1387 2155 
1388 1590 
1389 1974 
1389 1738 
1389 1893 
1390 1391 
1391 1393 
1392 1393 
1392 2328 
1393 1395 
1393 1462 
1394 1395 
1395 1396 
1395 1677 
1397 1460 
1397 1929 
1397 1434 
1399 1401 
1399 1822 
1400 2405 
1400 1870 
1400 1649 
1400 2169 
1401 1771 
1401 2160 
1402 2336 
1404 1542 
1404 1405 
1404 1406 
1405 1421 
1405 1678 
1406 1408 
1408 1774 
1409 1410 
1409 2299 
1410 1412 
1410 2140 
1411 1728 
1411 1533 
1412 1413 
1412 1414 
1413 1604 
1413 1414 
1413 1937 
1414 1477 
1415 1417 
1416 1890 
1416 1861 
1416 1995 
1417 1418 
1417 1419 
1417 1843 
1418 1429 
1419 1421 
1419 2023 
1420 2083 
1420 1566 
1420 1421 
1420 1422 
1421 1440 
1421 1422 
1421 2079 
1422 1423 
1423 1425 
1424 1425 
1425 1988 
1425 1855 
1426 2054 
1427 2341 
1427 1694 
1428 1429 
1429 1430 
1430 2039 
1430 1431 
1431 1540 
1431 1433 
1432 2062 
1433 2355 
1433 1435 
1434 1902 
1434 2042 
1434 1435 
1435 2144 
1435 1999 
1436 2070 
1436 1850 
1436 1438 
1437 2044 
1437 1438 
1437 1439 
1438 1440 
1438 1510 
1438 1910 
1439 1441 
1440 2332 
1441 1644 
1441 1938 
1442 2281 
1443 1445 
1443 1753 
1444 1446 
1444 2217 
1445 2082 
1445 2149 
1445 1930 
1445 1713 
1446 1671 
1446 1561 
1447 1448 
1447 1805 
1447 2258 
1447 1908 
1448 1795 
1449 2060 
1449 2006 
1449 1469 
1450 1451 
1451 1797 
1451 1455 
1452 1454 
1453 1455 
1454 2455 
1456 1457 
1456 2146 
1456 1609 
1456 2073 
1457 2379 
1457 1458 
1459 1460 
1459 1461 
1460 2394 
1461 2454 
1461 2266 
1462 1463 
1462 1875 
1463 1960 
1463 1948 
1464 1465 
1464 1466 
1465 1466 
1465 2101 
1466 1467 
1466 1468 
1468 1470 
1469 1470 
1470 2238 
1470 1471 
1471 2390 
1472 1883 
1473 2344 
1473 1474 
1473 2437 
1473 1767 
1474 1475 
1474 1476 
1474 1966 
1475 2451 
1475 1477 
1476 1478 
1476 2106 
1476 2199 
1476 1722 
1477 1478 
1477 1479 
1477 2030 
1477 1718 
1478 2054 
1479 1480 
1479 2374 
1480 1538 
1481 1624 
1481 1995 
1482 1484 
1482 1733 
1483 2198 
1483 2423 
1484 1889 
1485 2475 
1485 1847 
1486 2256 
1487 2209 
1487 2036 
1488 1489 
1488 1558 
1489 2456 
1489 1491 
1490 1600 
1490 2434 
1491 1837 
1491 1492 
1491 2388 
1492 1674 
1492 1775 
1492 1493 
1493 1680 
1493 2294 
1494 2066 
1496 2263 
1497 2057 
1497 2263 
1497 1499 
1498 1882 
1498 1499 
1499 1501 
1500 1536 
1500 1974 
1501 1502 
1501 1718 
1502 1503 
1503 2184 
1503 1841 
1504 2073 
1505 1981 
1506 1507 
1507 2350 
1508 1510 
1508 1779 
1509 2012 
1510 1511 
1510 1871 
1510 1914 
1512 1513 
1513 2150 
1513 2055 
1513 1514 
1514 1704 
1514 1515 
1514 1516 
1515 1516 
1516 1635 
1517 2328 
1517 1518 
1518 1520 
1518 2207 
1519 1679 
1519 1520 
1520 2343 
1520 2327 
1521 2315 
1521 2386 
1521 1522 
1526 1527 
1527 1528 
1528 2421 
1528 2157 
1529 1531 
1529 2263 
1530 1531 
1530 1532 
1531 1533 
1532 2369 
1532 1831 
1533 1769 
1533 1535 
1534 2069 
1534 1535 
1535 1803 
1536 1564 
1537 1579 
1537 2329 
1537 1884 
1537 2173 
1538 1540 
1539 2409 
1539 1581 
1539 2000 
1540 1572 
1540 1541 
1540 1689 
1541 1542 
1541 2428 
1542 1543 
1543 2372 
1544 1733 
1545 1547 
1546 1547 
1548 2176 
1548 1549 
1548 1550 
1549 2242 
1550 2389 
1550 1551 
1551 1716 
1551 2206 
1552 1685 
1553 2299 
1554 1843 
1554 2035 
1555 1556 
1556 1558 
1557 2397 
1558 2099 
1558 1559 
1558 1560 
1559 1863 
1559 2477 
1559 2362 
1561 2452 
1562 2338 
1562 1982 
1564 1566 
1565 2116 
1565 1566 
1565 1567 
1566 1568 
1567 1712 
1568 1570 
1568 1844 
1569 2094 
1570 1571 
1570 2420 
1570 2077 
1571 2222 
1571 2142 
1573 2386 
1573 1821 
1573 2157 
1574 1576 
1575 1577 
1575 1841 
1575 2395 
1576 1577 
1576 1578 
1577 1739 
1577 2000 
1577 1820 
1577 1853 
1578 2355 
1579 1580 
1579 1581 
1580 1581 
1580 1582 
1582 1584 
1582 1620 
1583 1585 
1585 2096 
1585 2207 
1586 2299 
1586 1588 
1587 1588 
1587 2045 
1588 1662 
1588 1589 
1588 1590 
1589 2156 
1589 1590 
1590 1591 
1591 2047 
1592 1665 
1592 2438 
1592 1593 
1593 1595 
1593 2062 
1596 2419 
1598 1600 
1599 1767 
1599 2077 
1600 1608 
1601 1602 
1601 2367 
1603 1914 
1604 1923 
1604 2088 
1605 2322 
1606 1608 
1608 1609 
1608 1610 
1609 1883 
1610 1611 
1610 1612 
1611 1818 
1611 1613 
1611 1929 
1612 1613 
1612 1680 
1613 2165 
1613 1756 
1614 1987 
1614 1616 
1615 1878 
1616 1622 
1617 1618 
1618 2052 
1618 1981 
1619 1779 
1619 1620 
1619 2135 
1620 1816 
1621 1954 
1623 1625 
1623 1904 
1624 1625 
1624 1818 
1625 1626 
1625 2307 
1626 1899 
1626 2140 
1627 2304 
1627 2006 
1627 2335 
1628 2323 
1629 1631 
1630 2107 
1631 2280 
1631 1633 
1632 1725 
1633 2137 
1633 1866 
1634 1968 
1634 1635 
1634 1636 
1635 1636 
1636 1637 
1637 1947 
1637 1639 
1638 1954 
1638 1639 
1638 1640 
1638 1804 
1639 1685 
1639 1641 
1639 1735 
1640 2464 
1640 2024 
1641 1712 
1641 1642 
1641 1643 
1642 1888 
1642 1930 
1642 1644 
1642 1688 
1643 1647 
1645 1646 
1645 2099 
1645 2042 
1646 2080 
1646 2374 
1646 2256 
1647 2313 
1647 1844 
1648 1649 
1648 1963 
1650 1651 
1651 2214 
1651 1652 
1652 1653 
1652 2011 
1653 2274 
1653 2059 
1653 1655 
1654 1796 
1654 2422 
1656 2251 
1656 2128 
1656 1810 
1657 2388 
1658 1987 
1659 1668 
1659 2185 
1659 1660 
1660 1708 
1660 1662 
1661 2418 
1661 2452 
1662 2441 
1663 1664 
1664 1812 
1665 2479 
1666 1803 
1666 2028 
1667 1669 
1668 1792 
1668 2269 
1669 1671 
1669 1899 
1669 2427 
1672 1674 
1672 2165 
1672 2072 
1673 1675 
1673 2411 
1674 1676 
1675 1676 
1675 2034 
1675 1946 
1676 2089 
1676 2159 
1677 2396 
1678 2155 
1678 2446 
1679 1958 
1679 1681 
1681 1683 
1681 1727 
1682 1773 
1682 1683 
1682 2106 
1683 1809 
1683 1685 
1684 2287 
1684 2320 
1686 2429 
1687 1688 
1689 2314 
1690 2004 
1691 1692 
1692 2461 
1693 2297 
1693 1695 
1695 1696 
1695 2444 
1696 1697 
1697 2372 
1698 2378 
1698 1700 
1699 2186 
1700 2273 
1700 1765 
1702 2425 
1702 1703 
1703 1705 
1705 2117 
1705 1862 
1705 1707 
1706 1707 
1706 1708 
1706 1941 
1707 1708 
1707 1709 
1708 2407 
1708 1710 
1709 1710 
1709 1711 
1710 2307 
1710 1711 
1711 1713 
1711 2356 
1713 1714 
1714 1956 
1714 1716 
1715 2395 
1716 1785 
1717 1764 
1717 1886 
1717 1719 
1718 1719 
1719 1731 
1719 1720 
1720 1721 
1720 1722 
1721 1723 
1722 1724 
1723 2091 
1723 1725 
1724 1726 
1725 1976 
1727 1728 
1729 1731 
1730 2217 
1730 2109 
1732 1733 
1733 1963 
1734 2418 
1734 1797 
1734 1735 
1735 1959 
1735 2360 
1737 1738 
1738 1739 
1740 1741 
1741 2087 
1741 1743 
1742 1743 
1742 1744 
1743 2475 
1743 1744 
1744 1745 
1745 1864 
1745 2098 
1746 2112 
1747 2446 
1748 2182 
1748 1750 
1749 1751 
1750 2276 
1750 2137 
1751 2439 
1751 1752 
1751 1753 
1752 2218 
1753 1755 
1754 1755 
1754 1853 
1755 1756 
1756 1947 
1756 2313 
1757 1795 
1758 1760 
1758 1962 
1759 1760 
1759 1761 
1759 1829 
1760 1762 
1761 1762 
1761 1763 
1763 1764 
1763 2452 
1764 1765 
1765 1868 
1765 2002 
1765 2035 
1766 1767 
1767 2180 
1767 2401 
1768 2215 
1768 1769 
1768 1770 
1768 1851 
1770 2310 
1770 1771 
1771 1773 
1771 2256 
1773 1775 
1774 1775 
1775 1777 
1776 2017 
1776 1805 
1777 2213 
1778 1779 
1778 1780 
1780 1781 
1781 1782 
1781 1783 
1783 2286 
1784 2182 
1785 1988 
1786 2057 
1786 1787 
1786 1788 
1787 2041 
1787 2362 
1788 1789 
1789 1791 
1790 1792 
1790 1791 
1792 1959 
1792 2152 
1792 2418 
1793 1842 
1793 1795 
1794 2210 
1794 1795 
1795 1796 
1796 1797 
1797 1799 
1798 1955 
1799 1800 
1799 1888 
1800 1801 
1801 2414 
1802 1803 
1803 1804 
1804 2288 
1804 2269 
1806 2183 
1807 2438 
1807 1991 
1807 1935 
1808 2307 
1808 2480 
1808 1810 
1809 2174 
1810 1811 
1810 2142 
1811 1813 
1812 1926 
1813 2156 
1813 1815 
1814 1816 
1814 1815 
1815 1816 
1816 2393 
1816 2427 
1817 2071 
1818 2194 
1820 2065 
1820 1821 
1822 1824 
1823 1824 
1823 2142 
1825 1826 
1825 2373 
1827 1829 
1827 2167 
1828 1830 
1828 1874 
1828 2012 
1830 2061 
1830 2064 
1830 1910 
1831 2104 
1831 2456 
1832 1833 
1833 1834 
1834 2101 
1835 1837 
1836 2478 
1836 2327 
1837 1839 
1837 2135 
1837 1944 
1837 2399 
1838 2192 
1838 1902 
1838 2326 
1839 1840 
1840 1841 
1840 1842 
1845 2114 
1845 1846 
1845 1847 
1847 2187 
1849 2035 
1850 2125 
1852 2284 
1852 2044 
1853 1855 
1855 1857 
1855 2138 
1856 2461 
1857 1859 
1857 2138 
1858 1953 
1859 1860 
1859 2226 
1859 2039 
1859 2021 
1860 2257 
1860 2426 
1861 1862 
1861 1977 
1862 1986 
1862 1869 
1863 2003 
1865 1866 
1865 2494 
1867 2343 
1868 1869 
1868 2109 
1870 2156 
1871 1872 
1871 1873 
1873 2211 
1873 2435 
1874 2403 
1874 2417 
1874 2019 
1876 2272 
1876 1878 
1877 1878 
1877 1879 
1878 1880 
1880 2010 
1881 2253 
1881 2236 
1882 1883 
1885 2100 
1885 1886 
1886 2008 
1887 1888 
1887 2235 
1888 2126 
1889 1890 
1890 1892 
1891 1892 
1891 2454 
1892 2371 
1892 2490 
1893 1894 
1893 2482 
1894 1896 
1895 1896 
1895 1897 
1896 1897 
1897 2392 
1899 1942 
1900 1980 
1900 1901 
1902 1904 
1903 1905 
1903 2035 
1904 2262 
1905 2236 
1905 1994 
1905 2092 
1906 1985 
1906 1907 
1906 2207 
1907 1908 
1907 1909 
1908 2023 
1908 2384 
1909 2472 
1909 1910 
1911 1913 
1912 2339 
1912 1913 
1913 1914 
1914 1915 
1917 1919 
1918 2488 
1918 1919 
1919 1921 
1919 2231 
1919 2009 
1920 1922 
1921 1923 
1922 2346 
1922 1924 
1923 1924 
1924 1926 
1925 1927 
1928 1929 
1928 1930 
1931 2409 
1931 1944 
1932 1933 
1935 2419 
1935 2390 
1936 1938 
1937 1939 
1938 1939 
1939 1940 
1939 1941 
1940 2484 
1941 2275 
1942 1944 
1943 2464 
1943 2412 
1944 1945 
1945 1947 
1945 1946 
1946 2211 
1946 2219 
1947 2018 
1948 1949 
1950 2100 
1950 1951 
1951 1953 
1952 2187 
1952 2297 
1953 2006 
1954 1955 
1955 2284 
1956 2059 
1957 1959 
1958 1960 
1963 2266 
1964 2215 
1964 2008 
1964 2167 
1965 1966 
1966 2361 
1967 2102 
1968 2379 
1969 2028 
1969 1971 
1970 1971 
1971 2461 
1971 2334 
1972 1974 
1973 2292 
1973 1975 
1974 2146 
1975 2444 
1976 2453 
1977 1978 
1978 1979 
1978 1980 
1978 1983 
1979 2400 
1979 2061 
1980 1981 
1981 2155 
1984 1985 
1984 1986 
1985 2098 
1986 1987 
1986 2065 
1986 2484 
1987 1988 
1987 1989 
1990 2392 
1990 2015 
1991 1992 
1991 1993 
1992 1993 
1992 1994 
1994 1995 
1995 2434 
1995 2138 
1995 2300 
1996 2467 
1997 1998 
1997 2425 
1998 2073 
1998 1999 
2000 2411 
2001 2002 
2002 2457 
2003 2004 
2003 2005 
2005 2006 
2005 2007 
2006 2008 
2007 2008 
2008 2009 
2012 2014 
2013 2014 
2014 2015 
2015 2458 
2015 2170 
2018 2246 
2021 2202 
2022 2024 
2024 2025 
2024 2142 
2026 2028 
2027 2445 
2027 2355 
2027 2133 
2027 2389 
2029 2301 
2029 2239 
2030 2031 
2032 2033 
2032 2068 
2034 2035 
2035 2037 
2035 2245 
2036 2352 
2037 2387 
2037 2039 
2040 2488 
2040 2108 
2043 2044 
2044 2070 
2045 2215 
2045 2046 
2046 2048 
2047 2296 
2049 2323 
2050 2051 
2050 2318 
2050 2453 
2051 2052 
2053 2302 
2054 2055 
2054 2382 
2055 2057 
2056 2180 
2059 2060 
2060 2062 
2063 2217 
2063 2197 
2064 2066 
2065 2067 
2066 2342 
2066 2068 
2067 2337 
2068 2069 
2069 2496 
2069 2071 
2070 2072 
2071 2404 
2071 2072 
2071 2073 
2073 2159 
2076 2078 
2077 2458 
2077 2078 
2078 2079 
2082 2083 
2082 2271 
2083 2085 
2083 2353 
2083 2459 
2084 2175 
2085 2087 
2085 2365 
2086 2088 
2086 2103 
2090 2371 
2090 2092 
2091 2093 
2092 2094 
2092 2163 
2093 2095 
2093 2352 
2094 2241 
2096 2097 
2096 2098 
2097 2099 
2097 2494 
2098 2277 
2100 2221 
2101 2346 
2101 2103 
2104 2286 
2104 2106 
2105 2107 
2107 2409 
2107 2108 
2108 2336 
2108 2178 
2108 2268 
2109 2338 
2110 2112 
2110 2111 
2111 2338 
2111 2498 
2112 2364 
2112 2431 
2113 2114 
2113 2115 
2114 2116 
2115 2116 
2116 2118 
2119 2120 
2120 2498 
2120 2300 
2121 2122 
2121 2123 
2122 2124 
2122 2331 
2123 2124 
2126 2144 
2127 2128 
2129 2131 
2130 2266 
2130 2131 
2131 2447 
2131 2133 
2132 2211 
2132 2133 
2134 2445 
2134 2166 
2135 2139 
2137 2410 
2138 2139 
2138 2140 
2139 2141 
2140 2142 
2141 2142 
2143 2471 
2145 2146 
2146 2190 
2147 2149 
2148 2194 
2148 2362 
2150 2152 
2151 2152 
2152 2298 
2153 2154 
2153 2155 
2154 2358 
2154 2155 
2154 2253 
2155 2219 
2156 2158 
2156 2258 
2156 2299 
2157 2256 
2158 2386 
2159 2381 
2160 2162 
2161 2162 
2162 2163 
2164 2338 
2164 2165 
2166 2207 
2167 2312 
2168 2263 
2169 2171 
2172 2173 
2172 2174 
2174 2496 
2174 2175 
2175 2177 
2176 2372 
2176 2270 
2177 2178 
2177 2179 
2178 2180 
2179 2180 
2179 2181 
2181 2182 
2182 2483 
2183 2185 
2186 2310 
2186 2188 
2187 2412 
2187 2189 
2188 2219 
2188 2190 
2191 2193 
2193 2359 
2193 2238 
2195 2196 
2196 2197 
2196 2198 
2197 2295 
2198 2376 
2198 2223 
2200 2201 
2200 2202 
2201 2202 
2201 2203 
2202 2203 
2202 2204 
2204 2206 
2205 2206 
2205 2409 
2206 2395 
2210 2235 
2210 2212 
2211 2213 
2212 2214 
2213 2215 
2214 2215 
2217 2467 
2217 2219 
2218 2219 
2220 2273 
2220 2267 
2222 2309 
2222 2223 
2224 2425 
2225 2226 
2226 2227 
2226 2292 
2227 2257 
2227 2228 
2227 2229 
2229 2231 
2230 2308 
2230 2232 
2232 2233 
2232 2234 
2234 2236 
2235 2384 
2236 2238 
2237 2355 
2237 2238 
2238 2240 
2238 2371 
2240 2397 
2240 2458 
2241 2262 
2242 2243 
2243 2391 
2244 2245 
2244 2246 
2245 2369 
2246 2247 
2247 2248 
2247 2249 
2248 2249 
2248 2274 
2249 2416 
2250 2252 
2252 2253 
2255 2257 
2256 2258 
2257 2405 
2259 2260 
2259 2261 
2260 2261 
2261 2420 
2262 2353 
2263 2264 
2264 2266 
2265 2266 
2265 2267 
2266 2267 
2267 2452 
2267 2268 
2268 2415 
2270 2271 
2272 2273 
2273 2275 
2273 2326 
2274 2275 
2275 2277 
2277 2416 
2279 2280 
2280 2282 
2280 2443 
2280 2384 
2281 2283 
2282 2283 
2283 2284 
2283 2285 
2284 2452 
2285 2287 
2288 2497 
2289 2291 
2290 2343 
2291 2292 
2292 2293 
2293 2295 
2294 2491 
2294 2333 
2296 2298 
2299 2301 
2301 2303 
2302 2303 
2303 2304 
2303 2305 
2305 2306 
2306 2317 
2307 2488 
2308 2309 
2309 2311 
2310 2311 
2310 2448 
2311 2313 
2314 2315 
2318 2380 
2319 2481 
2320 2321 
2321 2322 
2321 2323 
2322 2324 
2324 2326 
2325 2483 
2325 2327 
2328 2329 
2330 2331 
2330 2332 
2333 2454 
2335 2337 
2336 2345 
2337 2338 
2340 2341 
2341 2342 
2341 2343 
2342 2343 
2342 2344 
2344 2346 
2345 2347 
2349 2351 
2353 2355 
2354 2466 
2354 2356 
2357 2462 
2358 2359 
2360 2361 
2363 2364 
2365 2492 
2366 2374 
2367 2368 
2367 2369 
2368 2369 
2369 2424 
2372 2424 
2377 2378 
2379 2381 
2380 2382 
2380 2478 
2382 2478 
2384 2385 
2386 2388 
2387 2388 
2388 2390 
2389 2390 
2390 2488 
2391 2393 
2394 2396 
2395 2396 
2395 2397 
2396 2398 
2400 2401 
2400 2402 
2402 2449 
2403 2476 
2405 2406 
2405 2407 
2406 2408 
2406 2407 
2408 2410 
2410 2492 
2410 2411 
2411 2431 
2412 2495 
2413 2414 
2414 2421 
2414 2415 
2417 2418 
2418 2471 
2419 2420 
2419 2421 
2420 2421 
2420 2442 
2421 2422 
2422 2423 
2423 2425 
2424 2425 
2427 2428 
2427 2429 
2428 2430 
2430 2432 
2432 2433 
2433 2434 
2433 2435 
2434 2436 
2436 2438 
2437 2438 
2440 2441 
2440 2442 
2441 2442 
2443 2445 
2444 2446 
2444 2455 
2445 2446 
2449 2451 
2450 2451 
2451 2452 
2451 2453 
2452 2454 
2456 2457 
2457 2458 
2457 2459 
2459 2460 
2461 2463 
2463 2464 
2463 2465 
2468 2469 
2469 2470 
2473 2475 
2474 2476 
2475 2477 
2476 2477 
2477 2479 
2482 2483 
2484 2486 
2485 2486 
2487 2488 
2487 2489 
2489 2490 
2490 2492 
2491 2493 
2493 2494 
2493 2495 
2494 2495 
2495 2497 
2496 2497 
2497 2498 
