0 1 
0 2 
0 1005 
1 464 
1 2 
1 3 
1 2499 
2 3 
2 4 
3 4 
3 1175 
4 5 
4 6 
5 6 
5 7 
6 8 
6 218 
7 8 
7 9 
8 9 
8 10 
8 498 
9 10 
9 11 
10 12 
10 1840 
10 1288 
10 1042 
11 918 
11 443 
12 13 
12 14 
13 14 
13 15 
14 16 
14 15 
15 17 
15 1707 
16 17 
16 18 
16 1270 
16 113 
17 1476 
17 750 
18 1904 
18 20 
18 1125 
19 330 
19 20 
19 21 
19 2053 
20 21 
20 286 
21 2041 
21 23 
22 2320 
22 1482 
23 24 
23 25 
24 1446 
24 951 
24 25 
24 26 
25 873 
25 26 
25 27 
26 260 
26 1555 
26 183 
26 27 
27 315 
27 28 
27 29 
28 2283 
28 1713 
28 30 
29 1964 
29 30 
29 31 
30 32 
30 1426 
31 32 
31 33 
31 728 
32 33 
32 34 
32 2290 
32 2008 
33 771 
33 35 
33 411 
34 993 
34 36 
35 36 
35 37 
36 470 
36 37 
36 38 
37 38 
37 39 
38 40 
38 1773 
38 560 
38 1912 
39 1540 
39 1191 
39 1962 
40 41 
40 853 
41 42 
41 43 
42 1444 
42 1189 
42 43 
42 789 
43 44 
43 45 
44 1844 
44 45 
44 46 
45 2180 
45 1853 
46 441 
46 1273 
47 48 
47 49 
47 666 
48 50 
48 1762 
49 50 
49 51 
50 52 
50 2094 
51 1330 
51 403 
52 1552 
52 1407 
53 555 
53 2283 
53 54 
53 55 
54 2400 
54 1170 
54 2003 
55 1400 
55 57 
55 724 
56 57 
56 1539 
57 58 
57 59 
57 1130 
58 59 
58 60 
59 842 
59 1200 
59 60 
59 61 
60 1472 
60 219 
60 309 
60 62 
61 62 
61 63 
62 64 
62 63 
63 64 
63 65 
63 282 
64 66 
64 87 
65 66 
65 271 
66 67 
66 663 
66 285 
67 68 
67 69 
68 69 
68 70 
69 70 
69 71 
70 72 
70 71 
71 73 
71 423 
72 74 
72 1499 
73 74 
73 75 
73 2002 
73 1724 
74 75 
74 76 
74 530 
74 1011 
75 1441 
75 76 
75 77 
75 91 
75 1982 
76 77 
76 2359 
77 78 
77 79 
78 1857 
78 1326 
78 79 
79 1188 
79 2152 
79 80 
79 81 
80 1505 
80 1889 
80 81 
81 920 
81 82 
82 83 
82 84 
83 84 
83 559 
84 2449 
84 468 
84 86 
85 1030 
85 86 
85 87 
85 1240 
86 88 
86 87 
87 1491 
87 1975 
87 88 
88 89 
88 90 
88 2375 
89 90 
89 91 
90 2451 
90 92 
90 1652 
91 756 
91 92 
92 1334 
92 93 
92 94 
93 650 
93 94 
94 96 
94 95 
95 97 
95 115 
96 97 
96 1884 
96 2407 
97 98 
97 99 
98 99 
98 100 
99 100 
99 101 
99 2256 
99 773 
100 862 
100 102 
101 2309 
101 102 
101 103 
102 1825 
102 1766 
103 2118 
103 105 
103 2227 
103 510 
104 152 
104 105 
104 106 
105 1958 
105 106 
105 2032 
106 177 
106 1586 
106 2040 
107 992 
107 2370 
108 109 
108 110 
109 110 
109 111 
110 112 
110 2147 
111 112 
111 113 
111 175 
112 113 
112 114 
112 2165 
112 2104 
113 115 
114 290 
114 115 
115 2249 
115 375 
115 1241 
115 250 
116 117 
116 2367 
117 1992 
117 119 
118 120 
118 1682 
119 120 
119 1575 
120 677 
120 1099 
120 123 
121 122 
121 123 
122 2209 
122 123 
122 2334 
123 124 
123 125 
123 2335 
124 1005 
124 126 
124 311 
125 126 
125 127 
126 1601 
126 1243 
126 127 
127 128 
127 129 
128 129 
128 2391 
129 130 
129 131 
130 1976 
130 132 
130 1339 
131 132 
131 886 
132 2235 
132 438 
133 134 
133 135 
134 136 
134 153 
134 135 
135 136 
135 137 
135 398 
136 1880 
136 137 
136 138 
137 138 
137 907 
137 374 
138 140 
138 1126 
139 140 
139 141 
140 1576 
140 781 
140 142 
140 1199 
141 142 
141 143 
142 144 
142 2232 
143 144 
143 145 
144 145 
144 2005 
144 984 
145 1427 
145 2285 
145 147 
145 599 
146 147 
146 148 
146 767 
147 2172 
147 149 
148 1863 
148 149 
148 150 
148 317 
149 1203 
149 150 
149 151 
150 152 
150 151 
151 152 
151 153 
152 154 
152 2108 
153 155 
154 773 
154 1895 
154 2255 
155 156 
155 678 
156 157 
156 2271 
157 2373 
157 159 
158 160 
158 159 
159 1128 
159 1705 
160 161 
160 1649 
161 1801 
161 163 
162 1457 
162 163 
162 2175 
163 164 
163 165 
164 2250 
164 165 
164 166 
165 166 
165 643 
165 1434 
166 167 
166 168 
166 368 
166 306 
167 168 
167 169 
168 169 
168 170 
169 170 
169 171 
169 597 
170 171 
170 172 
170 708 
171 172 
171 173 
171 1663 
172 1552 
172 173 
172 174 
173 174 
173 175 
174 176 
174 1939 
174 318 
175 176 
176 177 
176 178 
177 178 
177 179 
177 1647 
178 179 
178 1544 
179 180 
179 181 
180 181 
180 182 
181 182 
181 183 
182 184 
182 381 
182 183 
183 1614 
183 730 
184 185 
184 821 
185 186 
185 187 
185 916 
186 187 
186 747 
187 1743 
187 1493 
187 188 
187 189 
188 994 
188 694 
188 638 
189 1177 
189 190 
189 191 
190 369 
190 2115 
191 192 
191 193 
191 841 
192 2353 
192 365 
193 194 
193 1935 
194 195 
194 196 
194 2470 
195 197 
195 1569 
195 1352 
196 1592 
196 197 
197 198 
197 199 
198 200 
198 199 
199 201 
199 1818 
200 201 
200 202 
200 205 
201 202 
201 203 
202 1898 
202 2208 
202 204 
203 1706 
203 204 
204 205 
204 206 
205 207 
206 2003 
206 692 
207 2225 
207 1165 
208 209 
208 210 
208 287 
209 210 
209 211 
210 211 
210 2096 
211 1859 
211 212 
211 213 
212 2347 
212 214 
213 214 
213 215 
214 216 
214 2296 
214 215 
215 216 
215 217 
215 300 
216 217 
216 2001 
217 218 
217 219 
217 982 
218 2468 
218 1205 
218 220 
219 1380 
220 836 
220 2285 
220 222 
221 222 
221 223 
222 224 
222 825 
222 316 
223 224 
223 225 
223 1267 
224 896 
224 225 
224 226 
225 226 
225 227 
225 557 
226 227 
226 228 
227 228 
227 229 
228 229 
228 334 
228 1713 
229 1659 
229 230 
229 231 
230 232 
230 231 
231 232 
231 1572 
232 233 
232 234 
233 1424 
233 788 
234 1364 
234 236 
235 852 
235 282 
235 236 
235 1677 
236 1411 
236 237 
237 238 
237 239 
238 240 
238 239 
239 240 
239 241 
240 587 
240 1708 
240 991 
241 242 
241 243 
242 243 
242 244 
243 244 
243 245 
244 505 
244 245 
244 246 
245 1515 
245 246 
245 247 
245 1372 
246 248 
246 247 
247 1656 
247 951 
247 248 
247 249 
248 249 
248 250 
249 1508 
249 267 
249 2478 
250 741 
250 252 
250 1534 
251 1016 
251 252 
251 253 
252 453 
252 2119 
252 253 
252 254 
253 1811 
253 255 
254 1989 
254 1542 
254 1167 
254 255 
255 256 
255 257 
256 257 
256 258 
256 2372 
257 258 
257 259 
257 1603 
258 259 
258 260 
259 261 
259 1911 
260 262 
260 2151 
261 262 
261 263 
262 264 
262 263 
263 264 
263 265 
264 2432 
264 265 
264 2064 
264 2270 
265 266 
265 267 
265 1036 
266 2340 
266 1296 
267 1965 
267 269 
268 1786 
268 269 
268 270 
269 270 
269 271 
270 272 
270 271 
271 272 
271 1847 
272 273 
272 274 
273 274 
273 275 
274 275 
274 276 
275 1132 
275 366 
275 276 
275 277 
276 277 
276 661 
277 1824 
277 1191 
277 278 
277 279 
277 989 
278 280 
278 279 
279 280 
279 2108 
280 1865 
280 1556 
280 281 
281 282 
281 1062 
282 1817 
282 283 
283 2355 
283 1754 
283 1116 
284 1625 
284 435 
284 285 
285 286 
286 288 
286 287 
287 828 
288 289 
288 290 
288 2427 
289 290 
289 291 
290 292 
290 1152 
291 292 
291 293 
292 2457 
292 293 
293 1932 
293 294 
293 785 
294 296 
294 295 
295 2304 
295 297 
296 1952 
296 298 
296 1718 
297 298 
297 299 
298 299 
298 1239 
299 600 
299 300 
299 1610 
300 302 
301 302 
301 303 
302 304 
302 893 
302 303 
303 967 
303 304 
303 1662 
304 306 
304 483 
305 306 
305 307 
305 1764 
306 308 
307 308 
307 309 
308 368 
308 309 
308 310 
309 685 
310 312 
310 311 
311 312 
311 1380 
312 313 
312 2409 
313 314 
313 315 
314 315 
314 316 
314 385 
315 317 
316 1779 
316 317 
317 1696 
317 318 
317 1694 
318 320 
318 1044 
319 320 
319 321 
320 321 
320 322 
321 323 
321 1279 
322 323 
322 324 
323 325 
323 1278 
324 325 
324 326 
325 1068 
325 326 
326 328 
326 327 
327 328 
327 329 
328 329 
328 330 
328 2023 
329 330 
329 331 
330 951 
331 332 
331 333 
331 2469 
332 333 
332 334 
333 744 
333 1087 
334 336 
335 337 
335 2173 
336 2321 
336 338 
337 338 
337 339 
337 1006 
338 339 
338 340 
339 1088 
339 2255 
339 341 
340 341 
340 342 
341 342 
341 343 
342 1408 
342 566 
342 344 
343 2247 
343 1739 
343 344 
344 345 
344 346 
344 1233 
345 1863 
345 1290 
346 2453 
346 2039 
346 347 
346 348 
347 348 
347 349 
348 349 
348 350 
349 2439 
349 350 
349 351 
350 352 
350 2283 
350 351 
351 352 
351 353 
352 353 
352 354 
353 595 
353 1667 
353 1955 
354 1484 
354 355 
354 356 
355 356 
355 1545 
355 1713 
355 2291 
356 357 
356 358 
357 1211 
357 358 
357 359 
358 360 
358 865 
358 359 
359 360 
359 361 
360 361 
360 1170 
361 1753 
361 362 
362 866 
362 402 
362 1299 
363 364 
363 1637 
364 489 
364 365 
364 366 
365 512 
365 366 
365 367 
366 367 
367 368 
367 369 
367 2205 
368 1108 
369 370 
369 371 
370 568 
370 2238 
370 911 
371 372 
371 373 
371 1470 
372 433 
372 373 
372 374 
373 374 
373 375 
374 376 
375 1103 
375 376 
375 382 
376 913 
376 377 
376 378 
377 1768 
377 379 
378 1169 
378 379 
378 380 
379 2472 
379 795 
379 380 
380 381 
380 382 
381 2170 
381 383 
382 384 
382 825 
383 384 
383 385 
384 385 
384 386 
384 2015 
385 2455 
386 387 
386 388 
387 388 
387 773 
388 2411 
388 389 
389 2384 
389 390 
390 392 
390 2057 
391 392 
391 393 
391 1540 
392 393 
392 839 
393 394 
393 395 
393 1810 
394 1818 
394 395 
394 396 
395 396 
395 397 
396 397 
396 398 
396 2229 
397 398 
397 399 
398 2168 
398 399 
399 400 
399 401 
399 1432 
400 401 
400 402 
401 1677 
401 1430 
401 2237 
402 960 
402 404 
403 404 
403 405 
404 405 
404 406 
405 941 
405 1266 
406 408 
406 1571 
406 407 
407 408 
407 409 
407 1488 
408 409 
408 410 
408 1062 
409 1720 
409 2487 
409 410 
409 411 
410 411 
410 412 
411 412 
411 413 
412 413 
412 1599 
413 2325 
413 439 
413 415 
414 416 
414 1986 
414 2348 
414 787 
414 415 
415 416 
415 417 
415 461 
415 508 
416 417 
416 418 
416 1869 
417 418 
417 1353 
417 1741 
417 1393 
418 1539 
418 953 
419 2336 
419 1780 
419 421 
420 421 
420 422 
421 1122 
421 422 
421 1524 
422 424 
422 423 
423 803 
423 836 
423 425 
423 2078 
424 425 
424 426 
424 1711 
425 426 
425 427 
426 427 
426 1382 
427 428 
427 429 
428 429 
428 430 
429 430 
429 1714 
429 1210 
430 432 
430 431 
431 2373 
431 986 
432 592 
432 434 
432 603 
432 1631 
433 1866 
434 2323 
434 436 
435 752 
435 436 
435 437 
435 2103 
436 1058 
436 437 
436 438 
437 438 
437 439 
438 622 
438 439 
439 880 
439 440 
439 828 
440 442 
440 2246 
441 2473 
441 442 
442 444 
442 1191 
443 1090 
443 444 
443 445 
444 701 
444 446 
444 597 
445 2180 
445 447 
446 448 
446 944 
447 2246 
447 478 
448 449 
448 450 
448 519 
449 450 
449 627 
450 452 
450 1409 
451 453 
451 758 
452 453 
452 454 
452 791 
453 2337 
453 1783 
454 456 
454 2189 
454 455 
455 457 
455 2081 
455 965 
456 457 
456 469 
457 2024 
457 458 
458 459 
458 460 
459 461 
459 679 
460 2497 
460 2354 
460 461 
461 2349 
461 1170 
462 855 
462 1932 
462 463 
463 464 
463 465 
464 465 
465 466 
465 467 
466 467 
466 468 
466 2211 
467 468 
467 1142 
468 469 
468 470 
468 1400 
469 470 
469 471 
470 2368 
470 472 
470 1375 
471 472 
471 473 
472 473 
472 474 
473 475 
473 1868 
474 475 
474 476 
475 476 
475 477 
476 477 
476 478 
477 1345 
477 2135 
478 480 
478 588 
478 479 
478 1791 
479 480 
479 1209 
480 481 
480 482 
480 739 
481 482 
481 483 
481 989 
481 1655 
482 483 
482 484 
483 2248 
483 485 
484 2452 
484 485 
485 486 
485 2057 
485 1948 
486 488 
486 487 
487 488 
487 489 
488 490 
488 1221 
489 531 
490 1242 
490 491 
490 492 
491 1944 
491 492 
492 1968 
492 493 
492 494 
493 494 
493 495 
494 496 
494 1296 
494 495 
495 496 
495 497 
495 1701 
496 497 
496 498 
496 941 
497 498 
497 1367 
497 702 
498 1499 
498 500 
499 501 
499 2437 
500 1592 
500 1269 
501 1500 
501 502 
501 503 
502 504 
502 613 
502 503 
503 2055 
503 1111 
503 504 
503 505 
504 505 
504 506 
505 507 
505 605 
506 507 
506 508 
507 508 
507 1935 
508 2200 
508 509 
509 510 
509 511 
510 512 
511 512 
511 513 
512 514 
513 514 
513 515 
513 645 
513 2252 
514 515 
514 1888 
514 1257 
515 1876 
515 517 
516 608 
516 518 
517 518 
517 1606 
517 1488 
518 1029 
518 519 
519 521 
519 736 
520 1954 
520 2275 
520 521 
520 2236 
521 522 
521 523 
522 2178 
522 523 
522 524 
523 524 
523 525 
524 2445 
524 526 
524 2159 
525 526 
525 527 
526 528 
526 1590 
526 527 
527 528 
527 1832 
527 1739 
528 1029 
528 1671 
528 529 
529 530 
529 531 
530 531 
531 1028 
531 532 
531 533 
532 596 
532 533 
533 2256 
533 534 
534 536 
534 535 
535 1744 
535 537 
535 2256 
536 1345 
536 2469 
537 539 
537 1237 
538 1066 
538 539 
538 540 
539 540 
539 541 
540 2181 
540 1061 
541 1742 
541 542 
541 543 
542 544 
542 1689 
543 544 
543 545 
544 545 
544 546 
545 1976 
545 546 
546 1088 
546 547 
547 1284 
547 549 
547 2049 
548 549 
548 550 
549 550 
549 551 
550 1337 
550 551 
551 705 
551 552 
551 553 
551 1553 
552 553 
552 554 
553 554 
553 555 
554 2407 
554 556 
554 786 
555 1026 
556 840 
556 635 
556 557 
557 575 
557 559 
558 560 
558 1705 
558 1342 
559 708 
559 561 
560 1319 
560 794 
561 562 
561 563 
562 563 
562 564 
563 1157 
563 565 
563 2390 
563 1593 
564 1720 
564 565 
564 566 
565 2092 
565 566 
565 567 
566 740 
567 568 
567 569 
568 1955 
568 2308 
568 2455 
569 570 
569 571 
570 571 
570 572 
570 1857 
571 572 
571 573 
572 573 
572 574 
573 1292 
573 1205 
573 574 
574 576 
574 575 
575 598 
576 577 
576 1863 
577 578 
577 579 
578 579 
578 580 
579 2064 
579 1778 
580 2468 
580 581 
580 1034 
581 1888 
581 582 
582 584 
582 583 
583 585 
583 1851 
584 1104 
584 710 
584 2251 
585 586 
585 587 
586 587 
586 588 
587 588 
587 589 
588 590 
589 1327 
589 590 
589 591 
590 2091 
590 591 
590 1302 
591 592 
591 593 
592 1122 
592 940 
593 594 
593 1198 
594 1106 
594 596 
595 1092 
595 597 
596 597 
596 598 
596 1143 
598 600 
598 2023 
599 1351 
599 600 
600 602 
601 602 
601 1234 
602 603 
602 604 
603 1131 
603 604 
604 1322 
604 605 
605 1839 
605 2133 
606 608 
606 607 
607 608 
607 609 
608 609 
608 610 
608 1307 
609 610 
609 611 
609 2397 
610 611 
610 612 
610 2315 
611 612 
611 613 
612 614 
612 1103 
613 1434 
614 616 
614 615 
615 617 
615 1762 
616 617 
616 1508 
617 618 
617 630 
618 619 
618 620 
619 1172 
619 621 
619 1255 
620 1545 
620 621 
621 622 
621 623 
622 904 
622 623 
623 624 
623 1200 
624 625 
624 626 
625 2084 
625 626 
625 627 
625 915 
626 1058 
626 627 
626 1652 
626 1566 
627 628 
627 1366 
628 1900 
628 629 
628 630 
629 1445 
629 1709 
629 630 
629 631 
630 819 
630 631 
630 632 
631 632 
631 633 
632 2148 
632 1684 
632 2358 
633 635 
633 931 
634 716 
634 636 
635 1047 
636 1254 
636 638 
636 1413 
637 1439 
637 638 
637 639 
638 639 
639 640 
639 1839 
640 641 
640 642 
641 1315 
641 643 
642 2105 
642 643 
642 644 
642 853 
643 644 
644 2029 
644 646 
645 1508 
646 2372 
646 647 
647 648 
647 2136 
648 1506 
648 1460 
649 650 
649 1511 
650 651 
650 652 
650 1272 
651 2016 
651 744 
651 1394 
651 1129 
652 1627 
652 1812 
653 654 
653 655 
654 1889 
654 655 
655 656 
655 2355 
656 658 
656 1828 
657 1664 
657 659 
657 1037 
658 1752 
658 2472 
658 659 
659 660 
659 661 
660 1283 
660 661 
661 901 
661 905 
661 662 
661 983 
662 664 
662 663 
663 664 
663 1749 
664 665 
664 666 
665 666 
665 667 
666 668 
667 668 
667 669 
668 669 
668 670 
669 670 
669 671 
670 672 
670 671 
671 672 
671 1027 
671 1517 
671 1806 
672 673 
672 674 
672 2121 
673 674 
673 675 
673 1970 
674 675 
674 2059 
675 676 
675 949 
676 2210 
676 677 
676 678 
677 678 
677 679 
678 680 
678 679 
679 680 
679 681 
679 1073 
680 2144 
680 681 
680 1017 
681 682 
681 683 
682 683 
682 1075 
683 684 
683 2197 
684 685 
684 686 
685 686 
685 687 
686 1491 
686 1626 
686 1242 
687 688 
687 689 
688 689 
688 690 
688 785 
689 690 
689 691 
689 850 
690 691 
690 692 
690 2157 
691 692 
691 693 
691 988 
691 1023 
692 994 
692 1677 
693 694 
693 695 
694 907 
694 695 
694 696 
695 696 
695 697 
696 697 
696 698 
697 699 
697 983 
698 699 
698 700 
699 700 
699 701 
699 1687 
700 701 
700 702 
700 1019 
701 1886 
701 703 
702 704 
702 703 
703 704 
703 705 
703 1637 
703 1041 
703 759 
704 705 
704 706 
705 706 
706 1307 
706 707 
707 708 
707 709 
708 710 
709 1374 
709 710 
710 711 
711 712 
711 718 
712 713 
712 879 
713 1136 
713 714 
714 715 
714 716 
715 2138 
715 717 
716 717 
716 1935 
717 718 
717 719 
718 720 
718 2324 
718 719 
719 720 
719 721 
719 995 
720 722 
720 1175 
721 723 
721 2285 
722 723 
722 724 
723 724 
723 2466 
723 1438 
724 726 
725 1580 
725 2053 
725 726 
726 728 
726 2016 
726 727 
727 728 
727 729 
727 1844 
728 730 
729 1923 
729 905 
729 730 
729 731 
730 732 
731 2059 
731 2414 
731 733 
732 733 
732 734 
733 1301 
733 734 
734 736 
734 912 
735 736 
735 1183 
736 2445 
736 1941 
737 738 
737 739 
738 739 
738 740 
739 740 
740 741 
740 2067 
741 742 
741 2490 
742 744 
742 743 
743 745 
743 945 
744 745 
744 746 
745 747 
745 746 
745 1291 
745 1134 
745 2455 
746 747 
746 1889 
747 748 
747 749 
748 749 
748 750 
749 2470 
749 750 
749 751 
750 751 
750 752 
750 1268 
751 752 
751 753 
752 753 
753 1114 
753 1207 
754 1844 
754 756 
755 756 
755 757 
756 758 
757 1623 
757 1604 
757 758 
757 759 
758 1781 
758 759 
759 2496 
759 2215 
760 761 
760 762 
761 993 
761 763 
762 857 
762 1603 
762 764 
763 764 
763 765 
764 765 
764 766 
765 766 
765 767 
766 768 
766 1202 
766 1781 
767 769 
768 769 
768 770 
769 2000 
769 770 
769 771 
770 772 
770 2406 
771 772 
772 773 
772 774 
772 1071 
772 2355 
773 775 
773 858 
774 775 
774 2286 
774 2457 
775 776 
775 777 
776 777 
776 778 
776 1766 
777 778 
777 779 
778 779 
778 780 
778 921 
778 891 
779 780 
779 781 
780 1547 
780 782 
781 783 
782 784 
782 2112 
783 784 
783 785 
783 2225 
784 785 
784 786 
784 1794 
786 788 
786 2026 
787 788 
788 878 
788 790 
789 1924 
789 790 
789 791 
790 1411 
790 1486 
790 792 
791 2478 
791 793 
791 917 
792 1120 
792 793 
792 794 
793 794 
793 795 
794 1711 
794 795 
794 796 
795 2297 
795 796 
795 797 
796 797 
796 798 
797 946 
797 799 
798 800 
798 799 
799 800 
799 801 
799 1840 
800 2057 
800 802 
800 839 
801 802 
801 803 
801 2475 
801 1524 
802 803 
802 804 
802 2289 
803 805 
803 2263 
804 805 
804 806 
805 1852 
805 806 
805 807 
806 808 
806 807 
807 808 
807 809 
808 809 
808 810 
808 1516 
808 2415 
809 2377 
809 811 
809 2045 
810 811 
810 812 
811 1572 
811 812 
811 813 
811 1449 
812 1662 
812 813 
812 814 
813 1959 
813 814 
813 815 
814 816 
814 2048 
815 2274 
815 1091 
815 817 
815 1948 
816 994 
816 818 
816 1542 
817 818 
817 819 
818 1146 
818 819 
818 820 
819 820 
820 2459 
820 822 
821 822 
821 823 
822 824 
822 1148 
822 823 
823 825 
823 1679 
824 825 
824 826 
825 1397 
826 1354 
826 827 
827 828 
827 829 
828 830 
829 1331 
829 830 
829 831 
830 832 
830 1303 
830 831 
831 832 
831 833 
832 833 
832 834 
833 1248 
833 834 
833 835 
834 836 
834 1062 
835 836 
835 837 
835 2056 
835 973 
837 899 
837 838 
838 840 
838 2046 
838 839 
839 840 
840 2049 
840 841 
840 842 
841 843 
841 1870 
842 844 
843 1702 
843 844 
843 845 
843 1105 
843 1014 
844 845 
844 846 
845 1289 
845 846 
845 847 
846 848 
846 1537 
846 1900 
847 849 
847 2429 
848 849 
848 850 
849 850 
849 851 
850 1368 
851 852 
851 853 
852 2387 
852 1646 
853 855 
854 856 
854 2021 
854 855 
855 1063 
855 1226 
855 2254 
855 2225 
856 857 
856 858 
857 859 
858 860 
859 2351 
859 1114 
859 1563 
859 861 
860 1079 
860 1113 
860 861 
861 1598 
861 862 
862 864 
862 863 
863 1504 
863 865 
864 865 
864 866 
864 892 
865 866 
866 868 
866 2192 
866 1949 
867 868 
867 869 
867 1493 
868 1798 
868 869 
868 870 
869 1513 
869 2032 
869 2243 
870 872 
870 1745 
870 1376 
871 2216 
871 873 
872 873 
872 1116 
873 1766 
873 874 
874 875 
874 876 
875 876 
875 877 
876 877 
876 878 
876 2077 
877 2007 
877 878 
877 879 
878 880 
878 879 
879 1421 
879 880 
879 881 
880 881 
881 883 
881 2373 
882 883 
882 884 
883 884 
883 885 
884 885 
884 886 
885 2053 
885 887 
885 886 
885 1687 
886 888 
886 887 
887 888 
887 889 
888 889 
888 890 
889 890 
889 891 
890 892 
890 1076 
891 892 
891 2173 
892 894 
893 1931 
894 896 
894 895 
895 2484 
895 1990 
896 898 
897 898 
897 899 
898 899 
898 900 
899 2436 
899 1167 
899 1623 
900 901 
900 902 
901 1436 
902 2309 
902 903 
903 904 
903 905 
903 1631 
904 905 
904 906 
905 1759 
906 907 
906 908 
907 908 
907 1756 
908 1184 
908 2121 
908 909 
909 966 
909 2158 
909 911 
909 1109 
910 912 
910 911 
911 912 
911 913 
912 913 
912 1843 
913 915 
914 916 
914 1325 
915 2012 
916 918 
917 1491 
917 918 
918 920 
918 919 
919 920 
919 2448 
920 921 
920 922 
921 922 
922 924 
922 2159 
923 924 
923 925 
924 925 
924 926 
925 1207 
925 927 
926 1592 
926 2468 
926 1591 
927 928 
927 2119 
928 929 
928 1419 
928 2190 
929 930 
929 931 
929 1690 
930 931 
930 932 
931 932 
931 933 
932 2272 
932 933 
932 934 
933 1193 
933 934 
934 936 
934 935 
935 936 
935 937 
935 1468 
936 937 
936 938 
937 938 
937 939 
938 939 
938 940 
939 940 
939 941 
940 1317 
940 942 
940 1813 
941 942 
942 944 
942 1330 
943 944 
943 945 
944 945 
944 1981 
945 1536 
945 946 
945 947 
946 960 
946 1662 
947 949 
947 2246 
948 949 
948 950 
949 950 
949 951 
950 952 
950 951 
952 953 
952 954 
953 1632 
953 2240 
954 1387 
954 956 
955 956 
955 957 
956 1002 
956 1811 
956 957 
956 958 
957 958 
957 959 
958 960 
958 1966 
959 960 
959 961 
960 962 
960 1381 
961 962 
961 2079 
962 963 
962 964 
962 1644 
963 964 
963 965 
963 1751 
964 1891 
964 966 
964 2014 
964 1726 
964 2175 
965 966 
965 967 
966 2135 
966 967 
967 969 
967 2345 
967 2447 
968 969 
968 970 
969 970 
969 971 
970 971 
970 972 
970 1323 
971 972 
971 973 
972 973 
972 974 
973 975 
974 976 
974 1238 
974 975 
975 976 
975 1206 
976 977 
976 978 
976 2067 
977 1202 
977 979 
978 979 
978 980 
979 1875 
979 980 
979 981 
980 981 
980 982 
981 982 
981 983 
982 1744 
982 983 
983 984 
984 1216 
984 985 
984 986 
985 986 
985 1942 
986 987 
986 988 
987 988 
987 989 
988 2213 
988 989 
990 992 
990 991 
991 992 
991 1613 
992 993 
992 994 
993 994 
993 995 
993 1974 
993 1145 
994 995 
994 1225 
994 1301 
995 997 
996 2372 
996 997 
996 2254 
997 1636 
997 999 
998 1000 
998 999 
999 1000 
999 1001 
999 1903 
1000 1002 
1000 1031 
1001 1002 
1001 1003 
1002 1004 
1002 1744 
1003 2083 
1003 1005 
1003 1365 
1003 1993 
1004 2306 
1004 1005 
1004 1006 
1005 1007 
1005 1108 
1005 2036 
1006 1008 
1007 1008 
1007 1154 
1008 1867 
1008 1009 
1008 1237 
1009 1010 
1009 1011 
1010 1011 
1010 1012 
1011 1147 
1011 1013 
1012 2155 
1012 1014 
1012 1903 
1013 1014 
1013 1015 
1014 1015 
1015 1016 
1015 1017 
1016 1541 
1016 1017 
1017 1019 
1018 1019 
1018 2039 
1019 1605 
1019 1021 
1019 1215 
1020 1021 
1020 1022 
1020 1365 
1021 2034 
1021 1022 
1022 1024 
1022 1023 
1023 1025 
1024 1025 
1024 1026 
1025 1026 
1025 1027 
1026 1027 
1026 1738 
1027 1028 
1027 1029 
1027 1822 
1028 2042 
1029 1030 
1029 1032 
1030 1031 
1031 1032 
1031 1693 
1032 1033 
1032 1034 
1033 1034 
1033 1035 
1034 1035 
1034 1036 
1035 1036 
1035 1037 
1036 1037 
1037 1038 
1038 1040 
1038 1039 
1039 2217 
1039 2027 
1039 1040 
1039 1041 
1040 1041 
1040 1042 
1041 1567 
1041 1042 
1042 1579 
1043 1044 
1043 1045 
1043 1063 
1044 1045 
1045 2235 
1045 1047 
1046 1048 
1046 1732 
1046 1047 
1047 1048 
1047 1049 
1048 1049 
1048 1050 
1049 1050 
1049 1051 
1050 1051 
1050 1052 
1050 2181 
1051 1052 
1051 1053 
1052 2377 
1052 1053 
1052 1054 
1053 1054 
1053 1055 
1054 1056 
1054 1055 
1055 1056 
1055 1297 
1056 1057 
1056 1058 
1057 1058 
1057 2479 
1058 1059 
1059 1061 
1059 2049 
1060 1061 
1060 1062 
1061 1062 
1061 2087 
1062 1063 
1064 1065 
1064 1338 
1064 1999 
1065 1066 
1065 1067 
1066 1067 
1067 1068 
1067 2461 
1068 2443 
1068 2212 
1068 1069 
1068 1070 
1069 1941 
1069 1071 
1070 2136 
1070 1475 
1071 1422 
1072 1273 
1072 1074 
1072 1962 
1073 1290 
1073 1075 
1074 1092 
1074 1075 
1074 1076 
1075 1076 
1075 1077 
1076 1077 
1076 1078 
1077 1078 
1077 1079 
1078 1080 
1078 1079 
1079 2440 
1079 1080 
1079 1081 
1080 1081 
1080 1082 
1081 1083 
1081 2308 
1082 1485 
1082 1686 
1082 1083 
1082 1084 
1083 1154 
1083 2157 
1083 1084 
1083 1085 
1084 1292 
1084 1086 
1085 1733 
1085 1086 
1085 1087 
1086 1088 
1086 1087 
1087 1089 
1087 1831 
1088 1090 
1088 1695 
1089 1090 
1089 1091 
1090 1092 
1090 1095 
1091 1092 
1091 1093 
1092 1093 
1093 1094 
1093 1095 
1094 1096 
1094 1095 
1095 1096 
1095 1175 
1096 1097 
1096 1098 
1097 1099 
1097 1732 
1098 1099 
1098 1100 
1099 1605 
1099 1101 
1100 2042 
1100 1101 
1100 1102 
1101 2405 
1101 1102 
1101 1103 
1102 1104 
1102 1701 
1102 1103 
1103 1104 
1103 1105 
1103 2012 
1104 1106 
1104 2363 
1105 1107 
1106 2269 
1106 2207 
1107 1108 
1107 1109 
1109 1110 
1109 1783 
1110 1112 
1110 1397 
1111 1112 
1111 1361 
1112 1113 
1112 1114 
1113 1115 
1114 1115 
1114 1584 
1114 1155 
1114 1116 
1115 2409 
1115 2450 
1115 1270 
1115 1116 
1115 1117 
1116 1740 
1117 1118 
1117 1119 
1118 2373 
1118 1119 
1119 1120 
1119 2471 
1120 1122 
1120 2079 
1121 2032 
1121 1700 
1123 1124 
1123 2181 
1124 1363 
1124 1125 
1125 1126 
1125 1127 
1126 1127 
1126 1128 
1126 1983 
1127 1128 
1127 1129 
1127 1166 
1128 1129 
1128 1130 
1129 1594 
1129 1131 
1130 1848 
1131 2019 
1131 1132 
1131 1133 
1132 1892 
1132 1134 
1132 2429 
1133 1134 
1133 1135 
1134 1135 
1134 1535 
1135 1136 
1135 1137 
1136 1137 
1136 1138 
1137 1138 
1137 1886 
1138 1139 
1138 1140 
1139 1140 
1139 1141 
1140 1778 
1140 1141 
1140 1142 
1141 1192 
1141 1142 
1141 1143 
1142 1144 
1142 1143 
1143 1144 
1144 1145 
1144 1146 
1145 1147 
1146 1147 
1147 1148 
1148 1544 
1148 1150 
1149 1150 
1149 1151 
1150 1152 
1150 1151 
1151 1152 
1151 1153 
1151 1649 
1151 2268 
1152 1153 
1152 1154 
1153 1154 
1153 2117 
1154 1155 
1155 1157 
1156 1157 
1156 1820 
1156 1429 
1157 1159 
1158 1160 
1158 1645 
1158 1615 
1159 1160 
1159 1655 
1160 1161 
1160 1162 
1161 1162 
1161 1521 
1161 2421 
1162 1164 
1162 2062 
1163 1384 
1163 1164 
1163 1165 
1164 2115 
1164 1166 
1165 1166 
1165 1167 
1166 1167 
1167 1600 
1167 1169 
1168 1169 
1168 1170 
1169 2105 
1170 1171 
1170 1172 
1171 1173 
1171 2046 
1172 1173 
1173 1942 
1173 1174 
1174 1825 
1174 2156 
1174 1175 
1175 1176 
1176 1177 
1176 1178 
1177 1178 
1178 1179 
1178 1180 
1179 1180 
1179 1181 
1180 2208 
1180 1740 
1180 2316 
1180 1182 
1180 2206 
1181 1182 
1181 1319 
1182 1184 
1182 1183 
1183 1184 
1183 1185 
1184 1985 
1184 1186 
1184 1636 
1185 1400 
1185 1186 
1185 2063 
1186 1187 
1186 1188 
1187 1188 
1187 1253 
1188 1189 
1188 2185 
1189 1190 
1190 1192 
1190 2496 
1190 1412 
1191 1193 
1191 1996 
1191 1719 
1192 1644 
1192 2483 
1193 1194 
1193 1195 
1194 1195 
1194 1196 
1194 2031 
1195 1196 
1195 1783 
1196 1197 
1196 1198 
1196 1267 
1197 1198 
1197 1199 
1198 1199 
1198 1918 
1199 1861 
1199 2164 
1200 1201 
1201 1202 
1201 1595 
1201 2030 
1202 2346 
1202 1423 
1202 1203 
1203 1205 
1204 2113 
1204 1205 
1205 1206 
1205 1207 
1206 2191 
1206 1207 
1206 1208 
1207 1208 
1207 1209 
1208 2202 
1208 1210 
1208 2058 
1209 1210 
1209 1532 
1210 1211 
1210 1212 
1211 1213 
1212 1213 
1212 1214 
1213 1214 
1213 1215 
1214 1216 
1214 1215 
1215 1217 
1216 1360 
1216 1218 
1217 1547 
1217 1218 
1217 1219 
1218 1219 
1218 1220 
1219 1220 
1219 1221 
1219 1853 
1220 1633 
1220 1222 
1220 2344 
1221 1222 
1221 1223 
1222 1224 
1222 1829 
1222 1223 
1223 1225 
1223 2492 
1224 2098 
1224 1314 
1225 1449 
1226 1227 
1226 1228 
1227 1570 
1227 1506 
1227 1592 
1227 2301 
1228 1229 
1228 1230 
1229 1230 
1229 1231 
1230 1232 
1230 1231 
1231 1232 
1231 1256 
1232 1233 
1232 1234 
1233 1235 
1234 1235 
1234 1236 
1235 1592 
1235 1976 
1235 2458 
1236 2331 
1236 1714 
1236 1238 
1237 1238 
1237 1239 
1238 2450 
1239 1240 
1239 1241 
1240 1395 
1240 1241 
1241 1242 
1242 1243 
1243 1244 
1243 1245 
1244 1245 
1244 1246 
1245 2203 
1245 2201 
1245 1789 
1245 1246 
1245 1247 
1246 1248 
1246 1247 
1247 1248 
1247 1249 
1248 1255 
1248 2087 
1248 1516 
1249 1250 
1249 1251 
1250 1251 
1250 1252 
1251 2315 
1251 1252 
1252 1253 
1252 1254 
1253 2310 
1253 1255 
1253 1548 
1254 1820 
1254 1909 
1255 1256 
1255 2392 
1255 2117 
1256 1699 
1256 1257 
1256 1258 
1257 1258 
1258 1259 
1258 1260 
1259 1260 
1259 1261 
1260 1261 
1260 1262 
1261 2106 
1261 1262 
1261 1263 
1262 1264 
1262 1263 
1263 2177 
1263 1265 
1263 1285 
1264 1265 
1264 1266 
1265 1432 
1265 1267 
1266 1640 
1266 2155 
1266 1267 
1266 1268 
1268 1270 
1269 2420 
1269 1270 
1269 1271 
1271 1273 
1271 1625 
1272 1274 
1273 1978 
1273 1275 
1274 1275 
1274 1276 
1275 2339 
1275 1277 
1276 1277 
1276 1278 
1277 2281 
1277 1278 
1277 1279 
1278 1280 
1278 1657 
1278 1279 
1279 1280 
1279 1281 
1280 1281 
1280 1282 
1281 1282 
1281 1283 
1282 1283 
1282 1284 
1283 1284 
1283 1285 
1284 1285 
1284 1286 
1285 1287 
1285 2090 
1286 2338 
1286 1287 
1287 1288 
1287 1289 
1288 1310 
1289 1291 
1290 1291 
1291 1293 
1292 1293 
1293 1465 
1293 1294 
1294 1648 
1294 1295 
1294 1296 
1294 1463 
1295 1296 
1295 1297 
1295 1513 
1296 1594 
1297 1298 
1297 1299 
1298 1299 
1298 1300 
1299 1300 
1299 1301 
1300 1301 
1300 1302 
1301 1303 
1301 1972 
1302 1304 
1302 1303 
1303 1305 
1304 1305 
1304 1306 
1305 1306 
1305 1307 
1306 2282 
1306 1307 
1306 1308 
1307 1309 
1308 1309 
1308 1310 
1309 1310 
1309 2471 
1310 1312 
1310 1311 
1311 1312 
1311 1313 
1312 1313 
1312 1314 
1313 1314 
1313 1315 
1314 1315 
1314 1316 
1315 1316 
1315 1317 
1315 1876 
1316 1317 
1316 1318 
1317 1318 
1317 1319 
1318 1320 
1318 1861 
1318 1319 
1319 1320 
1320 1321 
1320 1322 
1321 1322 
1321 1323 
1322 1323 
1322 1324 
1323 1324 
1323 2455 
1324 1358 
1324 1325 
1324 1326 
1325 1326 
1325 1327 
1326 1451 
1326 1327 
1326 1328 
1327 1328 
1328 1329 
1328 1438 
1329 1330 
1329 1331 
1330 1331 
1330 1332 
1331 1333 
1332 1340 
1332 1333 
1332 1334 
1333 1628 
1333 1334 
1334 1335 
1335 1336 
1335 1337 
1335 1760 
1336 1337 
1336 1338 
1337 1338 
1337 1339 
1338 1339 
1339 1340 
1339 1641 
1340 1342 
1341 1342 
1341 1343 
1342 1343 
1343 1344 
1343 1345 
1344 1345 
1344 1346 
1345 1346 
1345 1347 
1346 1347 
1346 1348 
1346 1763 
1347 1348 
1347 1349 
1348 1349 
1348 1350 
1349 2167 
1349 2396 
1350 1352 
1350 1351 
1351 1352 
1351 1353 
1352 1353 
1352 1354 
1352 1714 
1353 2345 
1353 1436 
1354 1578 
1354 1356 
1354 2228 
1354 1951 
1355 1356 
1355 1357 
1356 1357 
1356 2043 
1357 1358 
1357 1359 
1358 1360 
1358 1499 
1358 1599 
1359 1360 
1359 1361 
1360 1362 
1361 2350 
1362 1609 
1362 1363 
1362 1364 
1363 1364 
1363 1365 
1364 1365 
1364 1366 
1366 2027 
1366 1367 
1367 1368 
1368 1369 
1368 1370 
1369 1370 
1369 1371 
1370 1371 
1370 1372 
1371 1373 
1371 1711 
1372 1373 
1373 1374 
1373 1375 
1374 1376 
1374 2282 
1374 1375 
1375 1376 
1375 2453 
1376 1378 
1376 1437 
1377 1378 
1377 1379 
1378 1379 
1378 1380 
1379 1381 
1379 1551 
1380 1381 
1381 1383 
1382 1384 
1382 1383 
1383 1384 
1383 1385 
1384 1385 
1385 1386 
1385 1387 
1386 1387 
1386 1388 
1387 1388 
1387 1589 
1388 1675 
1388 1389 
1388 1390 
1389 1390 
1389 1391 
1390 1761 
1390 1391 
1391 1392 
1391 1393 
1392 1393 
1392 1394 
1393 1394 
1393 1395 
1394 1416 
1394 1395 
1395 1397 
1396 1488 
1396 1397 
1396 1398 
1397 1398 
1397 1399 
1398 1400 
1398 1928 
1398 1399 
1399 1400 
1399 1401 
1400 1402 
1401 1402 
1401 2108 
1402 1403 
1402 1784 
1403 1876 
1403 2138 
1403 1405 
1404 2366 
1404 2162 
1404 1406 
1405 1406 
1405 1407 
1406 1408 
1406 1407 
1407 1409 
1407 1412 
1408 1410 
1408 1480 
1409 1411 
1409 1911 
1410 1411 
1410 1412 
1411 1412 
1411 1413 
1412 1413 
1413 1414 
1414 1416 
1414 2106 
1414 2170 
1415 1416 
1415 1417 
1415 1481 
1416 1735 
1416 1417 
1416 1418 
1417 1418 
1417 1419 
1418 1419 
1418 1420 
1418 1728 
1419 1421 
1419 2450 
1420 1421 
1420 1422 
1420 1655 
1421 2260 
1422 1424 
1422 1423 
1423 1425 
1424 1426 
1424 1815 
1425 1426 
1425 1427 
1426 1427 
1426 1428 
1427 1428 
1428 2042 
1428 1430 
1429 1430 
1429 1431 
1430 1432 
1430 1431 
1431 1432 
1431 1433 
1432 1434 
1433 1434 
1433 1435 
1434 1584 
1434 1435 
1435 1436 
1435 1437 
1436 2171 
1436 1437 
1437 1438 
1438 1944 
1438 1465 
1438 1439 
1439 1441 
1440 1441 
1440 1442 
1441 1442 
1442 1443 
1442 1444 
1443 1798 
1443 1974 
1444 1446 
1445 1447 
1446 1448 
1447 1448 
1447 1449 
1447 2194 
1448 1449 
1448 1450 
1449 1451 
1450 1451 
1450 1452 
1451 2198 
1451 2153 
1452 1453 
1452 1454 
1453 2393 
1453 1454 
1454 1456 
1454 1906 
1454 1455 
1455 1457 
1455 1614 
1456 1457 
1456 1458 
1457 1458 
1457 1459 
1458 1459 
1458 1460 
1459 1460 
1459 1461 
1460 2317 
1460 1462 
1461 1756 
1461 1462 
1461 2019 
1462 1464 
1462 1463 
1463 1465 
1464 1888 
1464 2387 
1464 1466 
1465 2263 
1465 1466 
1465 1467 
1466 1467 
1466 1468 
1467 1468 
1467 1469 
1468 1833 
1468 1470 
1469 1470 
1469 1471 
1470 1471 
1471 1473 
1471 1512 
1471 1801 
1471 1530 
1472 1473 
1472 1474 
1473 1474 
1473 1475 
1474 1475 
1474 1476 
1475 1476 
1475 2446 
1476 1477 
1476 1478 
1477 1478 
1477 1479 
1478 1480 
1478 2121 
1478 1943 
1479 1480 
1479 1481 
1480 2264 
1480 1482 
1481 1483 
1481 1589 
1482 2050 
1482 1483 
1483 1484 
1483 1485 
1484 1485 
1485 1486 
1486 2117 
1487 1696 
1487 1868 
1487 1488 
1487 2459 
1489 1490 
1489 2197 
1489 1993 
1490 1491 
1490 1492 
1491 2058 
1492 1493 
1492 1494 
1492 2279 
1494 1894 
1494 1495 
1494 2171 
1495 1496 
1495 1497 
1496 1497 
1496 1498 
1497 1498 
1497 1499 
1498 1499 
1498 1500 
1500 1502 
1501 1710 
1501 1502 
1501 1503 
1502 1504 
1502 2158 
1502 2014 
1502 1503 
1503 1504 
1503 1505 
1504 1505 
1504 1506 
1505 1506 
1505 1507 
1506 1508 
1507 1508 
1507 1509 
1508 2051 
1508 1510 
1509 1569 
1509 1510 
1510 1512 
1510 1511 
1511 1512 
1511 1513 
1512 1647 
1512 1514 
1513 1514 
1514 1515 
1514 1516 
1515 1517 
1517 1518 
1518 1953 
1518 2058 
1518 1520 
1519 1665 
1519 2038 
1520 1521 
1520 1522 
1521 1522 
1521 1523 
1522 1523 
1522 1524 
1523 1612 
1523 1524 
1524 1526 
1525 1860 
1525 1526 
1525 1527 
1526 1528 
1526 1719 
1526 1527 
1527 1528 
1527 2067 
1528 1529 
1528 1530 
1529 1530 
1529 1531 
1530 1531 
1531 1532 
1531 1533 
1532 1743 
1532 1533 
1532 1534 
1533 1782 
1533 1534 
1533 1535 
1534 1535 
1535 1537 
1535 1985 
1536 1538 
1537 1538 
1537 1762 
1538 1539 
1538 2361 
1539 1540 
1539 1541 
1540 1683 
1541 1543 
1542 1544 
1543 1544 
1543 1545 
1544 1546 
1545 1547 
1546 1547 
1546 1548 
1547 1812 
1547 2136 
1548 1549 
1548 1550 
1549 1891 
1549 1551 
1550 1552 
1550 1551 
1551 1552 
1551 1553 
1551 1911 
1552 2350 
1552 1553 
1553 1554 
1553 2269 
1554 1555 
1554 1556 
1554 2327 
1555 2279 
1556 1557 
1557 1558 
1557 1559 
1558 1560 
1558 2268 
1559 1560 
1559 1561 
1560 1561 
1560 1562 
1561 2407 
1561 1603 
1562 1563 
1562 1564 
1563 1565 
1564 1565 
1564 1566 
1565 1995 
1565 1566 
1565 1567 
1566 1567 
1567 1569 
1568 1569 
1568 1570 
1569 1571 
1570 1571 
1570 1572 
1571 1572 
1572 1574 
1573 1574 
1573 1575 
1574 1576 
1574 1575 
1575 1576 
1575 1577 
1576 1578 
1576 2447 
1577 1578 
1577 1579 
1578 1890 
1578 1616 
1579 1580 
1579 1581 
1580 1581 
1581 1582 
1581 1583 
1582 1584 
1582 1583 
1583 1584 
1583 1585 
1584 1585 
1585 1586 
1585 1587 
1586 1587 
1586 2494 
1587 1589 
1587 2486 
1588 1589 
1588 1590 
1589 1590 
1590 1592 
1591 1593 
1593 1594 
1593 2125 
1594 1595 
1595 1596 
1595 2231 
1596 1597 
1596 1598 
1597 2186 
1597 1598 
1597 2375 
1598 1905 
1598 1599 
1599 2415 
1600 1601 
1600 1708 
1601 1602 
1602 1603 
1602 1604 
1603 1605 
1604 1605 
1606 2265 
1606 1607 
1607 1608 
1607 1709 
1608 1639 
1608 1609 
1608 1610 
1608 2411 
1609 1610 
1610 1611 
1610 1612 
1611 1612 
1611 1613 
1612 1613 
1612 1614 
1613 1614 
1614 1899 
1614 1616 
1614 1615 
1615 1616 
1615 1617 
1616 1617 
1617 1969 
1617 1618 
1617 1619 
1618 1619 
1618 1620 
1619 1620 
1619 1621 
1620 2048 
1620 1621 
1620 1622 
1621 2071 
1621 1622 
1621 1623 
1622 2361 
1622 1623 
1623 1624 
1624 1625 
1624 1626 
1624 1874 
1625 1799 
1626 1901 
1626 1627 
1626 1628 
1627 1628 
1627 1629 
1628 1946 
1628 2033 
1628 1629 
1629 1630 
1629 1631 
1630 1632 
1630 2310 
1630 1631 
1632 1633 
1632 1634 
1633 1634 
1634 1635 
1634 1636 
1635 1636 
1635 1637 
1636 1637 
1637 1638 
1638 1640 
1638 2051 
1639 1641 
1640 2240 
1640 1642 
1641 2312 
1641 1643 
1642 1643 
1642 1644 
1643 2219 
1643 2193 
1644 2023 
1644 1645 
1644 2428 
1645 2374 
1646 1648 
1647 1648 
1648 1649 
1649 1650 
1649 2357 
1650 1652 
1650 2006 
1651 1809 
1651 1652 
1651 1653 
1652 1973 
1653 2298 
1653 1654 
1653 1655 
1654 1656 
1654 2330 
1654 1655 
1656 1657 
1657 1659 
1658 1659 
1658 1660 
1659 1660 
1660 1860 
1660 2221 
1660 1661 
1661 2262 
1661 1662 
1661 1663 
1663 1665 
1664 1665 
1664 1666 
1665 1666 
1665 1667 
1665 1971 
1666 1920 
1666 1667 
1666 1668 
1667 1668 
1667 2119 
1668 1669 
1668 1903 
1669 1670 
1669 1671 
1670 1672 
1670 1671 
1671 1924 
1672 1673 
1672 1674 
1673 1674 
1673 1675 
1674 1675 
1674 1676 
1675 1676 
1676 1677 
1676 1678 
1677 1678 
1678 1680 
1678 1679 
1679 1680 
1679 1681 
1680 1681 
1680 1682 
1681 1682 
1681 1683 
1682 1683 
1682 1684 
1683 1770 
1684 1685 
1684 1686 
1685 1997 
1685 1686 
1685 1687 
1685 1758 
1686 1687 
1688 1689 
1688 1916 
1689 1690 
1689 1691 
1690 2195 
1690 1692 
1691 1692 
1691 1693 
1692 1693 
1692 1694 
1693 2317 
1693 1694 
1693 1695 
1694 2027 
1695 1696 
1695 1697 
1695 2022 
1696 1698 
1697 1698 
1697 1699 
1698 1699 
1698 1700 
1699 1701 
1699 2344 
1700 1702 
1700 2449 
1702 1703 
1703 1704 
1703 1705 
1704 1705 
1704 1759 
1705 1706 
1705 1707 
1706 1707 
1706 1708 
1707 1708 
1707 2173 
1708 2114 
1708 1710 
1709 1710 
1710 1712 
1710 2443 
1712 1713 
1712 1714 
1713 1715 
1714 2434 
1715 1716 
1715 2126 
1716 1718 
1716 2175 
1717 2058 
1717 1719 
1718 1720 
1719 2358 
1721 1722 
1721 1723 
1722 1723 
1722 1724 
1723 1724 
1723 1725 
1723 1781 
1724 1725 
1725 1726 
1725 1727 
1726 1727 
1727 1728 
1727 1729 
1728 1849 
1728 1730 
1729 1730 
1729 1731 
1730 1731 
1730 1732 
1731 1732 
1731 1733 
1732 1733 
1733 1734 
1733 2162 
1734 1736 
1734 1735 
1735 1737 
1736 1737 
1736 1738 
1737 1738 
1737 1739 
1738 2403 
1738 1739 
1739 1740 
1739 1741 
1740 2295 
1741 1742 
1741 1939 
1741 1909 
1742 1744 
1744 2041 
1745 1912 
1745 1746 
1746 1747 
1746 1748 
1747 1748 
1747 1749 
1747 2081 
1748 1749 
1748 1750 
1749 1751 
1749 2189 
1750 1992 
1750 2231 
1751 2284 
1751 1752 
1752 1862 
1752 2299 
1753 1754 
1753 1755 
1754 1869 
1754 1756 
1755 1756 
1755 1757 
1756 1757 
1757 1758 
1757 1759 
1758 1759 
1759 1760 
1759 1761 
1759 1786 
1760 1761 
1761 1762 
1761 1763 
1762 1763 
1762 1764 
1763 1860 
1763 1764 
1763 2431 
1764 1766 
1765 1766 
1765 1767 
1767 1768 
1767 1769 
1768 1769 
1768 1770 
1769 2371 
1769 1771 
1770 1792 
1770 1772 
1771 2384 
1771 1773 
1772 1773 
1772 1774 
1773 1774 
1774 1776 
1774 1775 
1775 1776 
1775 1777 
1776 1777 
1776 1778 
1777 1778 
1777 1779 
1778 1780 
1779 1781 
1780 1781 
1781 1783 
1782 1783 
1783 1784 
1783 1785 
1784 1785 
1784 1786 
1785 1786 
1785 1787 
1787 1788 
1787 1789 
1788 1789 
1788 1821 
1789 1949 
1789 2449 
1789 1790 
1790 1792 
1790 1791 
1791 2152 
1792 1793 
1792 1937 
1793 1794 
1793 1795 
1794 1795 
1795 1796 
1795 2466 
1795 1881 
1796 1797 
1796 1798 
1797 1798 
1797 1799 
1798 1799 
1799 1800 
1799 1801 
1800 1801 
1800 1802 
1801 2268 
1802 1803 
1802 1804 
1803 1804 
1803 1805 
1804 1805 
1804 1806 
1805 1806 
1805 1807 
1806 1807 
1807 1808 
1807 1809 
1808 2112 
1808 1809 
1809 1810 
1810 1811 
1810 2188 
1811 1812 
1812 1813 
1812 1814 
1813 1815 
1814 1816 
1814 1815 
1815 1816 
1815 1817 
1816 1817 
1816 1818 
1817 2230 
1818 1820 
1819 1820 
1819 2039 
1820 1821 
1821 1822 
1821 1823 
1822 1824 
1822 2147 
1823 1824 
1823 1825 
1824 1825 
1825 1827 
1826 1827 
1826 1828 
1827 1828 
1827 1829 
1828 1829 
1828 1830 
1829 1830 
1830 1832 
1830 1831 
1831 1832 
1831 1833 
1831 2489 
1832 1833 
1833 1834 
1834 1922 
1834 1835 
1835 1836 
1835 1837 
1836 1837 
1836 1838 
1837 1840 
1837 1839 
1838 2310 
1838 1839 
1839 1840 
1839 1841 
1840 1841 
1841 1842 
1841 1843 
1842 2118 
1842 1843 
1842 1848 
1842 2489 
1843 1844 
1843 1845 
1843 2039 
1845 1846 
1845 1847 
1846 1848 
1846 2278 
1846 1847 
1847 1848 
1847 1849 
1848 1850 
1849 1851 
1850 1851 
1850 1852 
1851 1852 
1851 1989 
1852 1854 
1853 1854 
1854 1856 
1854 1855 
1855 1856 
1855 1928 
1856 1857 
1856 1858 
1858 1859 
1858 1860 
1859 1860 
1860 2271 
1861 1863 
1862 1864 
1863 1864 
1864 1865 
1864 2154 
1865 1866 
1865 1867 
1866 2080 
1866 1867 
1866 1868 
1867 1868 
1868 1869 
1869 1871 
1870 2082 
1871 1873 
1871 2245 
1872 1873 
1872 1874 
1873 1874 
1873 2356 
1874 1876 
1875 1877 
1877 2209 
1877 1878 
1877 1879 
1878 1880 
1878 1879 
1879 1880 
1879 1881 
1880 1881 
1881 1882 
1881 1883 
1882 1883 
1882 1884 
1882 2149 
1883 1884 
1883 1885 
1884 1885 
1884 1886 
1885 1886 
1885 1887 
1886 1888 
1886 2188 
1887 1888 
1887 1889 
1888 1889 
1888 1890 
1889 1891 
1890 2336 
1890 1891 
1890 1892 
1891 1892 
1892 1893 
1893 2248 
1893 1895 
1894 1895 
1895 1897 
1896 1897 
1896 1898 
1897 1898 
1897 1899 
1898 1899 
1898 1900 
1899 1900 
1899 2385 
1901 1903 
1902 1992 
1902 1904 
1902 2066 
1903 1905 
1904 1906 
1905 1906 
1905 1907 
1906 1907 
1907 1908 
1907 1909 
1908 1979 
1908 1909 
1908 1910 
1909 1911 
1910 1912 
1910 1911 
1911 1913 
1912 1913 
1912 1914 
1913 2385 
1913 1915 
1914 1915 
1914 1916 
1915 1916 
1915 1917 
1916 2444 
1916 1917 
1916 1918 
1917 1918 
1917 1919 
1918 1965 
1918 1919 
1919 1920 
1919 2424 
1920 1921 
1920 2169 
1921 1922 
1921 1923 
1922 2083 
1922 1924 
1923 1988 
1924 1925 
1924 2486 
1925 1926 
1925 1927 
1926 1928 
1926 2063 
1927 1928 
1927 1929 
1928 1929 
1929 2307 
1929 1930 
1929 1931 
1930 2499 
1930 1931 
1930 1932 
1930 1974 
1931 1932 
1931 1933 
1932 1933 
1933 1934 
1933 1935 
1934 1936 
1934 1935 
1935 1936 
1935 1937 
1936 1937 
1936 1938 
1937 2093 
1937 1938 
1938 1939 
1938 1940 
1939 1940 
1940 2065 
1940 1941 
1940 1942 
1941 1943 
1942 1944 
1942 1943 
1943 1944 
1943 1945 
1944 1946 
1945 1946 
1945 1947 
1946 1947 
1946 2446 
1947 1948 
1947 1949 
1948 1949 
1949 1950 
1950 1952 
1950 1951 
1951 1953 
1952 1953 
1952 1954 
1953 1954 
1954 2321 
1955 2086 
1956 1957 
1956 1958 
1957 1958 
1957 1959 
1958 1960 
1958 1959 
1959 1961 
1960 1961 
1960 1962 
1961 1962 
1961 1963 
1962 1963 
1962 1964 
1963 2146 
1963 1965 
1964 1966 
1965 1967 
1966 1968 
1966 1967 
1967 1968 
1967 1969 
1968 1969 
1969 1971 
1970 1971 
1970 2159 
1971 1972 
1972 1973 
1973 1975 
1975 1976 
1976 1977 
1976 1978 
1977 1978 
1977 1979 
1977 2066 
1978 1980 
1979 1980 
1980 1981 
1980 1982 
1981 1982 
1981 1983 
1982 1984 
1983 1985 
1984 1985 
1984 1986 
1986 2313 
1987 1988 
1987 1989 
1988 1990 
1988 2492 
1989 1990 
1989 1991 
1989 2354 
1990 1992 
1990 2064 
1991 1992 
1991 1993 
1991 2222 
1992 1993 
1992 1994 
1994 1995 
1994 1996 
1995 1997 
1996 2220 
1996 1997 
1997 1998 
1998 2000 
1998 1999 
1999 2000 
1999 2001 
1999 2197 
2000 2001 
2001 2002 
2001 2003 
2002 2003 
2003 2004 
2003 2005 
2004 2005 
2004 2006 
2005 2007 
2006 2008 
2006 2007 
2007 2008 
2008 2009 
2009 2010 
2009 2011 
2010 2011 
2010 2012 
2011 2012 
2011 2013 
2012 2048 
2012 2014 
2013 2014 
2013 2015 
2015 2016 
2017 2018 
2017 2019 
2018 2019 
2018 2020 
2020 2021 
2020 2022 
2021 2023 
2022 2024 
2024 2025 
2024 2026 
2025 2026 
2025 2027 
2026 2028 
2027 2029 
2028 2164 
2028 2476 
2029 2030 
2029 2031 
2030 2032 
2030 2031 
2031 2033 
2032 2033 
2033 2210 
2033 2034 
2033 2035 
2034 2251 
2034 2036 
2035 2036 
2035 2037 
2036 2037 
2037 2038 
2037 2039 
2038 2040 
2038 2039 
2040 2041 
2040 2042 
2041 2195 
2041 2042 
2042 2043 
2043 2044 
2043 2045 
2044 2296 
2044 2045 
2045 2046 
2046 2048 
2047 2048 
2047 2049 
2048 2487 
2050 2498 
2050 2052 
2051 2147 
2051 2053 
2052 2053 
2052 2054 
2054 2056 
2054 2321 
2054 2055 
2055 2056 
2056 2057 
2057 2059 
2058 2060 
2059 2060 
2060 2061 
2060 2062 
2061 2062 
2061 2063 
2062 2063 
2062 2064 
2062 2133 
2063 2064 
2064 2065 
2065 2067 
2067 2069 
2068 2069 
2068 2357 
2069 2070 
2069 2071 
2070 2072 
2070 2071 
2071 2072 
2072 2073 
2072 2074 
2073 2074 
2073 2075 
2074 2075 
2074 2076 
2075 2076 
2075 2077 
2076 2294 
2076 2077 
2076 2078 
2077 2079 
2078 2080 
2078 2079 
2079 2081 
2080 2081 
2082 2083 
2082 2084 
2082 2444 
2082 2134 
2083 2084 
2083 2085 
2084 2085 
2084 2428 
2085 2086 
2085 2087 
2086 2088 
2087 2088 
2088 2280 
2088 2090 
2089 2496 
2089 2090 
2089 2091 
2090 2091 
2090 2092 
2091 2092 
2092 2094 
2093 2094 
2093 2095 
2094 2095 
2094 2096 
2094 2269 
2095 2096 
2095 2097 
2096 2097 
2096 2098 
2097 2098 
2097 2099 
2098 2099 
2098 2100 
2099 2100 
2099 2101 
2100 2101 
2100 2102 
2101 2102 
2101 2103 
2102 2104 
2102 2103 
2103 2104 
2103 2160 
2104 2105 
2105 2107 
2106 2107 
2106 2239 
2107 2108 
2107 2109 
2108 2109 
2109 2110 
2109 2111 
2110 2112 
2110 2376 
2110 2111 
2111 2112 
2111 2113 
2112 2113 
2112 2114 
2113 2114 
2113 2115 
2114 2116 
2114 2429 
2115 2116 
2115 2117 
2116 2117 
2116 2118 
2117 2118 
2117 2119 
2119 2120 
2120 2121 
2120 2122 
2122 2123 
2122 2124 
2122 2245 
2123 2124 
2123 2125 
2124 2137 
2124 2125 
2124 2126 
2125 2127 
2126 2128 
2126 2127 
2127 2128 
2127 2129 
2128 2129 
2128 2130 
2129 2130 
2129 2131 
2130 2131 
2130 2132 
2131 2132 
2131 2133 
2132 2178 
2132 2133 
2132 2134 
2134 2136 
2135 2137 
2136 2137 
2137 2139 
2138 2139 
2138 2140 
2139 2140 
2139 2141 
2140 2141 
2140 2142 
2141 2142 
2141 2143 
2142 2144 
2142 2359 
2142 2143 
2143 2144 
2143 2145 
2143 2298 
2144 2145 
2144 2146 
2145 2146 
2145 2147 
2146 2147 
2146 2148 
2147 2148 
2148 2150 
2149 2150 
2150 2152 
2150 2151 
2151 2152 
2151 2153 
2152 2154 
2153 2154 
2153 2155 
2154 2155 
2154 2156 
2156 2157 
2156 2158 
2157 2287 
2160 2161 
2161 2162 
2161 2163 
2162 2163 
2163 2164 
2163 2165 
2164 2166 
2165 2167 
2166 2168 
2166 2167 
2167 2473 
2167 2168 
2167 2169 
2168 2169 
2169 2171 
2171 2173 
2172 2173 
2172 2174 
2173 2174 
2174 2176 
2174 2175 
2175 2177 
2176 2177 
2176 2178 
2177 2429 
2179 2180 
2179 2181 
2180 2181 
2180 2182 
2181 2183 
2182 2184 
2182 2183 
2183 2184 
2183 2185 
2184 2185 
2184 2186 
2185 2186 
2186 2188 
2187 2188 
2187 2189 
2188 2189 
2189 2190 
2190 2191 
2191 2193 
2192 2194 
2193 2194 
2193 2195 
2194 2195 
2196 2197 
2196 2198 
2197 2198 
2198 2199 
2199 2200 
2199 2201 
2200 2201 
2201 2445 
2201 2202 
2202 2204 
2203 2205 
2204 2205 
2204 2206 
2205 2207 
2206 2208 
2206 2207 
2207 2208 
2207 2209 
2208 2317 
2211 2212 
2212 2214 
2213 2215 
2214 2216 
2214 2215 
2215 2217 
2216 2217 
2216 2218 
2217 2218 
2218 2219 
2218 2220 
2218 2288 
2219 2220 
2219 2221 
2220 2221 
2221 2498 
2221 2223 
2222 2223 
2223 2224 
2223 2225 
2224 2225 
2224 2226 
2224 2253 
2225 2304 
2226 2227 
2226 2228 
2227 2228 
2227 2229 
2228 2229 
2228 2230 
2229 2231 
2230 2232 
2230 2231 
2231 2232 
2232 2233 
2232 2234 
2233 2234 
2233 2235 
2234 2235 
2234 2236 
2235 2236 
2235 2237 
2236 2237 
2237 2238 
2238 2240 
2238 2239 
2239 2409 
2240 2242 
2241 2242 
2241 2243 
2242 2243 
2242 2244 
2243 2245 
2244 2245 
2244 2246 
2245 2246 
2246 2248 
2246 2296 
2247 2248 
2248 2249 
2248 2250 
2249 2251 
2250 2252 
2251 2252 
2251 2253 
2252 2254 
2253 2254 
2255 2257 
2257 2258 
2257 2259 
2258 2259 
2258 2417 
2259 2260 
2259 2261 
2260 2261 
2260 2262 
2261 2262 
2261 2263 
2262 2263 
2264 2265 
2264 2266 
2265 2267 
2266 2267 
2266 2268 
2267 2268 
2267 2269 
2268 2270 
2270 2271 
2271 2272 
2272 2274 
2273 2274 
2273 2275 
2274 2275 
2275 2276 
2275 2277 
2276 2277 
2276 2278 
2277 2278 
2277 2279 
2278 2280 
2279 2281 
2280 2281 
2280 2282 
2281 2283 
2284 2286 
2285 2287 
2286 2288 
2286 2287 
2287 2288 
2288 2290 
2289 2290 
2290 2486 
2291 2292 
2292 2293 
2292 2294 
2293 2294 
2293 2295 
2294 2296 
2295 2296 
2295 2297 
2296 2297 
2297 2298 
2297 2477 
2299 2300 
2299 2301 
2300 2301 
2300 2302 
2301 2302 
2301 2303 
2302 2304 
2302 2303 
2303 2304 
2303 2305 
2304 2305 
2304 2306 
2305 2306 
2305 2307 
2306 2308 
2307 2308 
2307 2422 
2308 2310 
2309 2311 
2311 2312 
2311 2313 
2312 2314 
2313 2314 
2313 2315 
2314 2315 
2314 2316 
2315 2317 
2316 2318 
2318 2320 
2318 2319 
2319 2320 
2319 2321 
2320 2321 
2320 2322 
2321 2322 
2322 2323 
2322 2324 
2323 2324 
2323 2325 
2324 2359 
2325 2326 
2325 2327 
2326 2328 
2326 2327 
2327 2329 
2328 2329 
2328 2330 
2329 2330 
2329 2331 
2330 2332 
2331 2332 
2332 2333 
2332 2334 
2333 2378 
2333 2334 
2333 2335 
2334 2336 
2334 2335 
2335 2336 
2336 2338 
2337 2338 
2338 2370 
2338 2339 
2338 2340 
2339 2340 
2339 2341 
2340 2341 
2340 2342 
2341 2342 
2341 2343 
2342 2344 
2342 2343 
2343 2344 
2343 2345 
2344 2345 
2345 2346 
2346 2347 
2347 2407 
2347 2348 
2348 2350 
2349 2350 
2350 2352 
2351 2352 
2352 2375 
2352 2414 
2352 2354 
2353 2354 
2353 2355 
2354 2355 
2355 2356 
2356 2358 
2356 2396 
2357 2359 
2358 2359 
2359 2360 
2360 2361 
2360 2362 
2361 2362 
2361 2363 
2362 2363 
2362 2364 
2363 2364 
2363 2365 
2364 2365 
2364 2366 
2365 2495 
2365 2367 
2366 2367 
2367 2368 
2367 2369 
2368 2370 
2369 2370 
2369 2371 
2370 2372 
2371 2372 
2371 2373 
2372 2374 
2373 2374 
2373 2375 
2374 2376 
2374 2375 
2376 2377 
2377 2378 
2378 2379 
2379 2380 
2379 2381 
2380 2381 
2380 2382 
2381 2382 
2381 2383 
2382 2384 
2382 2383 
2383 2384 
2383 2385 
2384 2385 
2384 2386 
2385 2386 
2386 2387 
2386 2388 
2387 2389 
2388 2389 
2388 2390 
2389 2390 
2389 2391 
2390 2422 
2390 2391 
2390 2392 
2391 2392 
2391 2393 
2392 2394 
2393 2394 
2393 2395 
2394 2395 
2394 2396 
2395 2396 
2395 2397 
2396 2397 
2396 2398 
2397 2399 
2398 2400 
2398 2399 
2399 2400 
2399 2401 
2400 2402 
2401 2402 
2401 2403 
2402 2403 
2402 2444 
2403 2404 
2403 2405 
2404 2405 
2404 2406 
2405 2407 
2406 2408 
2406 2407 
2407 2408 
2408 2409 
2408 2410 
2409 2410 
2410 2411 
2410 2412 
2411 2413 
2412 2413 
2412 2414 
2413 2414 
2413 2415 
2414 2415 
2414 2416 
2415 2416 
2416 2417 
2416 2418 
2416 2436 
2417 2418 
2417 2419 
2418 2419 
2418 2420 
2419 2420 
2419 2421 
2420 2421 
2421 2422 
2423 2424 
2423 2425 
2424 2425 
2424 2426 
2425 2456 
2425 2426 
2425 2427 
2426 2427 
2426 2428 
2427 2429 
2430 2432 
2430 2431 
2431 2433 
2431 2465 
2432 2433 
2432 2434 
2433 2434 
2433 2435 
2434 2436 
2435 2436 
2435 2437 
2437 2438 
2437 2439 
2438 2440 
2438 2439 
2439 2441 
2440 2441 
2441 2442 
2441 2443 
2442 2443 
2442 2444 
2445 2447 
2446 2447 
2447 2448 
2447 2449 
2448 2449 
2448 2450 
2450 2451 
2451 2452 
2451 2453 
2452 2453 
2452 2454 
2454 2456 
2454 2455 
2456 2458 
2457 2475 
2457 2459 
2458 2459 
2458 2460 
2459 2460 
2460 2461 
2460 2462 
2461 2462 
2461 2463 
2462 2464 
2462 2463 
2463 2464 
2463 2465 
2464 2465 
2464 2466 
2465 2466 
2467 2468 
2467 2469 
2469 2471 
2471 2472 
2471 2473 
2472 2473 
2473 2475 
2474 2475 
2474 2476 
2476 2477 
2476 2478 
2477 2479 
2478 2479 
2479 2480 
2479 2481 
2480 2481 
2480 2482 
2481 2482 
2481 2483 
2482 2483 
2482 2492 
2483 2485 
2484 2485 
2484 2486 
2485 2486 
2485 2487 
2486 2487 
2488 2489 
2488 2490 
2489 2490 
2490 2491 
2490 2492 
2491 2492 
2491 2493 
2492 2493 
2492 2494 
2493 2494 
2493 2495 
2494 2496 
2495 2496 
2495 2497 
2496 2497 
2497 2499 
2498 2499 
