0 1315 
0 2499 
0 463 
1 2 
1 3 
1 380 
1 1565 
2 4 
2 2134 
2 2296 
3 992 
3 2179 
3 4 
3 5 
3 2273 
3 662 
4 2089 
4 5 
4 6 
5 1577 
5 2287 
6 977 
6 455 
7 1552 
7 9 
8 2088 
8 9 
8 10 
8 2161 
9 2240 
9 1156 
9 2005 
10 170 
10 12 
10 1197 
10 1855 
11 556 
11 317 
11 1758 
12 13 
12 14 
13 1391 
13 852 
13 2453 
13 1725 
14 660 
14 373 
14 886 
15 1445 
15 1030 
15 1287 
15 17 
16 1362 
16 18 
16 594 
16 663 
17 19 
17 836 
18 960 
18 19 
18 1792 
19 20 
19 21 
19 1071 
20 2153 
20 2358 
21 1136 
21 22 
21 23 
22 315 
22 23 
23 103 
23 591 
23 946 
23 281 
23 24 
24 951 
24 939 
25 26 
25 27 
26 27 
26 28 
27 619 
27 28 
27 2335 
28 2474 
28 1068 
28 1133 
28 1587 
28 2218 
29 2256 
29 570 
29 31 
30 1450 
30 596 
31 32 
31 2066 
31 2162 
31 2358 
32 194 
32 2127 
33 2453 
33 35 
33 1397 
33 693 
34 35 
34 815 
34 312 
34 347 
35 37 
35 1970 
35 598 
35 126 
36 1846 
36 455 
36 1235 
36 1044 
36 2390 
37 1478 
37 1082 
37 639 
38 40 
38 2443 
38 39 
39 40 
39 41 
40 1063 
40 42 
40 534 
40 286 
41 2180 
41 2406 
41 43 
41 2131 
41 1784 
42 481 
42 43 
42 421 
43 579 
43 44 
43 45 
44 1447 
44 209 
44 2262 
45 767 
45 1070 
45 47 
46 1824 
46 47 
47 48 
47 49 
47 1831 
48 50 
48 1532 
49 587 
49 1006 
49 1177 
50 1712 
50 51 
50 510 
51 52 
51 53 
52 1298 
52 912 
52 1682 
52 1785 
53 55 
53 919 
53 1848 
53 1020 
54 56 
54 627 
54 55 
55 57 
55 1628 
56 57 
56 58 
56 155 
57 1380 
57 628 
57 2011 
58 60 
58 2279 
59 60 
59 61 
60 2316 
60 335 
60 1044 
60 1207 
61 486 
61 1130 
61 62 
62 64 
62 2097 
62 63 
63 64 
63 1771 
63 239 
63 1396 
64 749 
64 1757 
65 66 
65 67 
65 740 
65 1800 
65 2428 
66 68 
66 69 
66 1983 
67 2164 
67 69 
67 2406 
68 1145 
68 69 
68 70 
69 70 
69 1801 
69 1546 
70 1990 
70 72 
70 1705 
70 1590 
70 1017 
70 2074 
71 72 
71 73 
72 872 
72 73 
72 445 
73 528 
73 92 
74 75 
74 76 
75 2404 
75 77 
75 597 
76 78 
76 2105 
76 2431 
77 2021 
77 335 
77 2387 
77 2232 
77 2041 
77 2331 
78 642 
78 323 
78 79 
79 651 
79 80 
79 81 
79 1278 
80 1346 
80 1527 
81 838 
81 1772 
81 82 
82 83 
82 179 
83 85 
83 1533 
84 2291 
84 85 
84 86 
85 2441 
85 362 
85 86 
86 1058 
86 1926 
86 87 
86 666 
87 2311 
87 88 
87 1147 
88 1721 
88 90 
89 90 
89 91 
90 91 
90 92 
91 93 
91 2446 
92 1541 
92 689 
92 533 
92 93 
92 94 
93 1680 
93 2449 
94 1732 
94 680 
94 2131 
95 363 
95 2125 
95 244 
95 1599 
96 288 
96 98 
96 2310 
97 98 
97 99 
97 1380 
98 99 
98 100 
98 791 
99 1240 
99 100 
100 1066 
100 1195 
100 1388 
100 1205 
101 1986 
101 102 
102 104 
102 1522 
103 2437 
103 1989 
104 106 
104 804 
105 773 
105 107 
105 848 
105 287 
106 2281 
106 1093 
107 108 
107 831 
108 621 
108 1357 
108 111 
109 711 
109 111 
109 2355 
109 1909 
110 1610 
110 1962 
110 1047 
111 113 
111 1275 
112 114 
112 732 
113 114 
113 115 
113 742 
114 1734 
114 2105 
115 116 
115 1477 
115 1734 
116 1027 
116 118 
116 117 
116 1814 
116 1502 
117 429 
117 339 
117 1980 
118 1841 
118 2479 
119 1986 
119 2147 
119 332 
119 2390 
119 1786 
120 1450 
120 1105 
120 1266 
120 1528 
120 122 
121 122 
121 123 
121 2303 
122 2139 
122 969 
122 2188 
122 890 
122 123 
122 1498 
122 2079 
123 2024 
123 1324 
124 355 
124 125 
124 126 
125 2388 
125 1307 
125 1486 
126 1261 
126 127 
127 129 
127 2449 
127 1566 
128 1408 
128 1297 
128 2358 
128 1547 
129 2322 
129 178 
129 1843 
130 132 
130 470 
131 133 
131 1777 
132 133 
132 134 
133 134 
133 1030 
133 135 
133 2419 
134 2466 
134 675 
134 135 
135 136 
135 2283 
136 240 
136 2454 
136 855 
136 1147 
137 138 
137 227 
138 997 
138 139 
138 1466 
139 140 
139 141 
140 1634 
140 837 
140 141 
140 142 
141 1312 
141 1650 
141 661 
142 675 
142 143 
143 1418 
143 879 
143 2322 
144 649 
144 1485 
145 928 
145 147 
146 1294 
146 148 
146 1653 
147 148 
147 149 
147 2023 
148 149 
148 150 
148 1485 
149 297 
149 151 
150 152 
150 859 
150 151 
151 1672 
151 153 
151 962 
152 154 
152 891 
153 154 
153 155 
153 2124 
154 1816 
154 156 
154 1951 
155 998 
156 473 
156 157 
157 1650 
157 185 
158 1712 
158 1701 
159 1792 
159 1205 
159 633 
159 1087 
160 161 
160 162 
160 905 
161 888 
161 1884 
162 2105 
162 163 
162 164 
162 1003 
163 164 
163 2283 
163 1903 
164 165 
164 166 
164 2238 
165 614 
165 1395 
165 1397 
165 2394 
165 668 
166 2203 
166 167 
167 450 
167 653 
167 1112 
167 540 
168 660 
168 170 
168 1101 
169 1961 
169 170 
170 262 
170 171 
170 172 
170 283 
171 806 
171 1704 
171 172 
171 1328 
172 1509 
172 1397 
172 1013 
173 395 
173 174 
173 175 
174 176 
174 1661 
174 175 
175 2120 
175 1664 
175 556 
176 1017 
176 1435 
176 1151 
177 355 
177 937 
177 826 
177 179 
178 179 
178 180 
178 2086 
179 353 
179 964 
179 2388 
180 2425 
180 1427 
180 181 
180 182 
181 2404 
181 182 
181 730 
181 1850 
182 1108 
182 183 
182 184 
182 2110 
183 1123 
183 1688 
183 1112 
183 184 
184 488 
184 186 
184 1790 
185 1747 
185 186 
185 187 
186 786 
186 187 
186 1924 
187 189 
187 2383 
188 547 
188 778 
188 1551 
188 1875 
188 190 
189 190 
189 191 
190 192 
190 823 
190 191 
191 192 
191 394 
191 2454 
191 1820 
192 1516 
192 1860 
193 194 
193 2055 
194 1921 
194 1196 
194 1074 
195 1653 
195 1078 
195 334 
196 1770 
196 2353 
196 1240 
196 1339 
197 1642 
197 198 
197 199 
198 200 
198 199 
199 200 
199 395 
199 767 
200 2184 
200 202 
200 203 
201 202 
201 203 
201 756 
201 2012 
202 203 
202 221 
203 993 
203 2284 
203 490 
204 842 
204 1910 
204 205 
205 1368 
205 206 
205 207 
206 1843 
206 2415 
207 261 
207 1167 
207 208 
208 209 
208 1793 
208 1550 
209 210 
209 211 
210 1763 
210 243 
210 1711 
210 211 
211 2113 
211 398 
211 1712 
211 213 
212 1841 
212 213 
212 383 
213 2001 
213 214 
213 635 
213 1374 
214 1699 
214 1745 
214 215 
215 322 
215 1587 
215 216 
215 1247 
216 1568 
216 2200 
216 217 
216 218 
217 218 
217 219 
218 219 
218 879 
219 560 
219 1204 
219 220 
220 2166 
220 222 
221 784 
221 222 
222 1534 
222 223 
223 225 
223 1427 
224 1144 
224 225 
224 2361 
225 1024 
225 1900 
226 1088 
226 1187 
226 2390 
227 1067 
227 364 
227 347 
227 1118 
228 229 
228 230 
228 1190 
229 230 
229 231 
230 2368 
230 1964 
230 1060 
231 232 
231 2125 
232 1768 
232 233 
232 234 
233 2081 
233 1894 
233 944 
233 1373 
234 235 
234 1872 
234 817 
234 1716 
234 953 
234 1019 
235 236 
235 237 
235 1646 
236 392 
236 238 
236 2457 
236 1692 
237 238 
237 239 
238 240 
238 2062 
238 239 
239 1319 
239 1224 
239 241 
240 1017 
240 242 
241 2017 
241 243 
242 586 
242 243 
243 2195 
244 1491 
244 245 
245 1669 
245 442 
245 1196 
245 1357 
246 248 
246 721 
247 248 
247 249 
248 249 
248 250 
249 1986 
249 1390 
249 2448 
249 1619 
250 866 
250 1881 
250 252 
250 1565 
251 2473 
251 1812 
251 1039 
252 563 
252 253 
252 254 
253 2400 
253 1258 
253 1749 
253 254 
253 255 
254 2448 
254 1025 
254 1333 
255 256 
255 2201 
255 329 
256 369 
256 258 
257 258 
257 1795 
257 1274 
258 467 
258 374 
258 1688 
259 260 
259 261 
259 2472 
259 555 
260 1693 
260 1142 
260 2341 
261 1460 
261 1751 
261 733 
261 1726 
262 1424 
262 2361 
262 2239 
263 2440 
263 265 
264 265 
264 266 
265 464 
265 1721 
266 2099 
266 268 
266 2207 
267 269 
267 973 
267 987 
268 1624 
268 269 
269 1950 
269 270 
269 271 
270 1920 
270 1954 
270 2479 
270 863 
271 273 
271 362 
272 274 
272 1378 
272 279 
273 274 
273 275 
273 1914 
274 1620 
274 275 
274 276 
275 277 
275 1670 
276 569 
276 2218 
277 581 
277 278 
277 279 
278 279 
278 439 
278 280 
278 1877 
279 2408 
279 1270 
279 2245 
280 281 
280 282 
281 1171 
281 348 
282 283 
282 885 
283 284 
283 1225 
284 1641 
284 1356 
284 2461 
284 286 
285 2337 
285 1049 
285 286 
285 287 
286 876 
286 1592 
287 288 
287 289 
288 289 
289 291 
289 340 
290 1380 
290 291 
290 292 
290 1607 
291 292 
291 881 
291 2119 
292 1438 
292 293 
292 294 
293 677 
293 295 
293 621 
294 296 
294 1652 
294 2348 
295 296 
295 297 
296 1073 
296 297 
296 1873 
297 1488 
297 1145 
298 299 
298 300 
299 450 
299 1285 
299 301 
299 1072 
299 1372 
300 387 
300 1960 
300 302 
300 787 
301 1577 
301 302 
302 1732 
302 303 
303 1472 
303 448 
303 680 
303 1782 
303 1022 
304 305 
304 879 
305 903 
305 1838 
305 306 
305 822 
306 1043 
306 308 
306 2489 
307 1546 
307 1966 
308 309 
308 310 
309 1850 
309 310 
310 312 
310 311 
311 1442 
311 2221 
311 1942 
312 314 
313 551 
313 315 
313 927 
314 1696 
314 315 
314 316 
315 1851 
315 2151 
315 1531 
315 316 
316 2248 
316 317 
316 2330 
316 1886 
317 2016 
317 323 
317 1711 
318 320 
318 522 
318 1453 
318 319 
319 320 
319 1966 
320 1470 
320 546 
321 322 
321 1567 
322 324 
322 1206 
323 325 
324 444 
324 326 
325 2081 
325 1882 
326 357 
326 327 
326 2056 
326 1838 
327 328 
327 1391 
327 371 
327 1881 
327 1893 
328 584 
328 329 
328 2481 
328 827 
329 331 
329 2362 
329 926 
330 332 
330 1687 
331 2438 
331 332 
331 1965 
331 2463 
332 744 
332 333 
333 1953 
333 965 
333 1000 
333 908 
333 334 
334 336 
334 2109 
335 336 
336 738 
336 337 
336 1463 
337 338 
337 339 
337 667 
338 339 
338 1319 
339 1192 
339 341 
340 1004 
340 2381 
340 1487 
340 341 
340 342 
341 1610 
341 1883 
342 344 
342 1697 
343 345 
343 1297 
344 345 
344 1049 
344 727 
345 1136 
345 1104 
345 346 
346 347 
346 348 
346 769 
347 2149 
347 855 
348 909 
348 349 
349 1029 
349 462 
349 351 
350 352 
350 978 
350 655 
351 1080 
351 353 
351 418 
352 353 
352 354 
352 1539 
352 2277 
352 967 
353 623 
353 1630 
354 355 
354 356 
355 1077 
356 357 
356 1750 
357 359 
357 1387 
357 1421 
357 1205 
358 360 
358 493 
358 1991 
359 361 
359 372 
359 1215 
360 362 
360 1971 
360 1016 
361 362 
361 363 
362 2115 
362 364 
363 365 
363 2075 
363 2204 
364 1212 
364 1717 
364 366 
365 1253 
365 366 
366 1936 
366 1933 
366 367 
367 2326 
367 1203 
367 1238 
367 378 
368 369 
368 1746 
368 1834 
368 2377 
368 1023 
369 370 
369 371 
370 372 
370 2271 
371 373 
371 2111 
372 1993 
372 2416 
372 981 
373 374 
374 1640 
374 376 
375 377 
375 446 
375 2175 
376 2374 
376 1140 
376 629 
376 1978 
377 378 
377 379 
378 2351 
378 379 
378 380 
379 960 
379 1668 
379 381 
380 1043 
381 1603 
381 1412 
381 1080 
382 384 
382 851 
382 1101 
382 1855 
383 384 
383 385 
383 2039 
384 386 
384 404 
385 386 
385 387 
385 2439 
386 388 
386 1949 
387 2001 
388 389 
388 743 
388 953 
389 2089 
389 723 
390 392 
390 2084 
390 391 
391 392 
391 393 
391 1425 
392 394 
392 470 
393 2020 
393 2457 
393 1483 
394 395 
396 2412 
396 758 
396 2190 
397 1900 
397 399 
398 1349 
398 1109 
399 400 
399 2454 
400 401 
400 402 
401 402 
401 1860 
402 403 
402 1981 
403 1513 
403 404 
403 405 
403 1681 
404 1677 
404 405 
405 406 
405 407 
406 776 
406 1482 
406 605 
407 409 
407 633 
408 409 
408 2125 
408 1121 
409 699 
409 1423 
409 2324 
410 411 
410 412 
411 412 
411 413 
412 672 
412 2307 
412 1742 
412 474 
412 414 
413 1505 
413 415 
414 416 
414 415 
415 416 
415 1926 
415 456 
415 1239 
416 417 
416 418 
417 418 
417 419 
418 419 
418 420 
418 972 
418 825 
419 421 
419 1897 
420 421 
420 422 
420 653 
421 422 
421 423 
422 424 
422 423 
423 1226 
423 869 
424 426 
424 2093 
424 1271 
424 1112 
425 2136 
425 427 
426 427 
426 428 
427 1105 
427 428 
427 2414 
427 1393 
427 883 
427 539 
428 2305 
428 1006 
428 1808 
429 431 
430 432 
430 754 
430 431 
431 433 
431 1779 
431 2135 
432 1672 
432 434 
433 1672 
433 2254 
433 1369 
433 1807 
434 435 
434 436 
435 1519 
435 436 
435 687 
436 2099 
436 438 
436 920 
436 858 
437 2408 
437 2062 
438 1796 
438 2118 
438 1066 
439 1988 
439 1226 
439 441 
439 2202 
440 441 
440 442 
440 446 
440 1111 
441 575 
441 442 
441 443 
442 902 
442 591 
442 1597 
443 444 
443 445 
444 1454 
444 2104 
444 1144 
444 1562 
445 446 
445 447 
446 1571 
446 909 
446 1585 
447 448 
447 449 
447 1265 
448 865 
448 1542 
449 450 
449 2133 
450 1853 
451 453 
451 654 
451 623 
451 752 
452 1140 
452 453 
453 1492 
453 455 
454 519 
454 455 
455 456 
455 457 
456 2359 
456 700 
456 1738 
457 1479 
457 2324 
458 1425 
458 1066 
458 460 
459 460 
459 461 
459 1540 
460 1221 
460 2279 
460 462 
460 1175 
461 2472 
461 463 
462 976 
462 1744 
462 1068 
463 1412 
463 465 
463 2013 
464 465 
464 466 
464 698 
465 2073 
465 466 
465 467 
466 467 
466 468 
467 1560 
467 2173 
468 1925 
468 1581 
468 953 
469 935 
469 471 
470 471 
471 548 
471 473 
471 1973 
472 2242 
472 2163 
472 1972 
472 850 
473 2408 
473 979 
474 1837 
475 840 
475 959 
476 1930 
476 876 
476 793 
477 640 
477 1844 
477 478 
478 480 
478 479 
479 480 
479 1608 
480 1016 
480 2266 
481 718 
482 2056 
482 483 
482 484 
483 484 
483 485 
483 910 
484 485 
484 1682 
484 491 
485 1983 
485 1038 
485 487 
486 488 
486 765 
487 488 
487 489 
488 489 
488 1375 
489 490 
489 2331 
490 491 
491 1005 
492 2281 
492 494 
492 1943 
492 1500 
493 554 
493 494 
493 1748 
493 1588 
493 797 
494 496 
494 989 
494 495 
495 836 
495 1705 
495 496 
495 2418 
495 2301 
496 497 
496 2266 
497 950 
497 2380 
498 499 
498 500 
499 2050 
499 2307 
499 2319 
499 1180 
500 501 
500 502 
501 1143 
501 1534 
501 503 
502 504 
502 503 
503 810 
503 1616 
503 505 
503 1626 
504 505 
504 2490 
504 1429 
505 996 
505 507 
505 2236 
506 575 
506 507 
506 508 
506 759 
507 508 
507 509 
508 509 
508 510 
509 1765 
509 915 
510 512 
510 511 
511 512 
511 1144 
512 514 
512 1855 
513 1027 
513 645 
513 1643 
513 562 
514 772 
514 515 
514 1300 
514 2174 
515 1569 
515 517 
515 1373 
516 884 
516 517 
516 1224 
517 518 
517 519 
518 711 
518 520 
518 2415 
518 2141 
519 521 
519 1350 
519 607 
520 521 
520 522 
520 1461 
521 522 
521 523 
522 524 
523 1676 
523 524 
523 525 
524 2445 
524 526 
524 2159 
525 2475 
525 526 
525 1976 
526 528 
526 1723 
526 527 
527 1841 
527 1593 
527 988 
527 2142 
528 529 
528 1210 
529 947 
529 2316 
529 541 
530 721 
530 1266 
530 532 
530 1399 
531 1505 
531 1934 
531 852 
531 532 
532 1804 
532 1755 
533 534 
534 1103 
534 1667 
534 535 
535 536 
535 537 
536 538 
536 2031 
537 1432 
537 539 
537 1045 
538 611 
538 539 
538 540 
539 739 
539 2090 
540 2470 
540 2410 
540 541 
540 542 
541 2251 
541 543 
542 544 
542 1469 
542 543 
543 544 
543 545 
543 2471 
544 546 
544 1468 
545 546 
545 547 
545 2438 
546 547 
546 548 
547 1889 
547 2062 
547 2224 
547 1838 
548 549 
548 2458 
549 1153 
549 551 
550 2109 
550 1135 
551 552 
551 1657 
552 2392 
552 554 
553 845 
553 2494 
554 555 
554 1275 
555 556 
556 2128 
557 642 
557 558 
558 560 
558 559 
559 930 
559 748 
559 561 
560 1636 
561 1682 
561 813 
562 563 
563 564 
563 609 
564 1188 
564 1840 
564 565 
564 2268 
565 1400 
565 567 
566 568 
566 2403 
566 567 
567 2227 
567 1047 
568 569 
568 570 
568 1957 
569 576 
569 1773 
569 570 
569 1022 
570 612 
570 733 
570 571 
571 2242 
571 1070 
571 573 
572 1468 
572 573 
572 2287 
573 1641 
573 574 
573 2270 
574 1027 
574 1388 
574 575 
576 649 
576 1431 
576 1565 
577 2120 
577 968 
577 578 
578 579 
578 580 
579 1194 
579 630 
580 1530 
580 2090 
581 2100 
581 583 
582 1092 
582 764 
582 2303 
583 1665 
583 585 
583 1766 
583 1061 
584 2081 
584 586 
584 2013 
584 1246 
585 586 
585 587 
586 587 
586 588 
587 588 
587 589 
588 1379 
588 589 
588 1271 
588 2366 
589 2343 
589 590 
589 591 
589 883 
590 1040 
590 1890 
590 1868 
590 1519 
591 1582 
591 2416 
591 593 
592 593 
592 1399 
593 1643 
593 594 
593 595 
594 1543 
594 595 
594 596 
595 596 
595 597 
596 1897 
596 597 
596 598 
597 1504 
597 1940 
598 600 
598 599 
599 2378 
599 600 
599 601 
599 1371 
600 1858 
600 1356 
600 783 
600 1118 
601 602 
601 603 
602 920 
602 603 
602 604 
603 604 
603 1790 
604 2025 
604 1922 
605 1020 
605 1462 
605 607 
606 1597 
606 2181 
607 2450 
607 1971 
608 1032 
608 1464 
609 610 
610 611 
610 1355 
610 716 
610 1743 
611 2170 
611 612 
612 614 
613 2222 
613 615 
614 616 
614 1573 
615 616 
615 872 
615 756 
616 617 
616 618 
617 618 
617 619 
617 1367 
618 770 
618 619 
618 1806 
619 620 
619 621 
619 2333 
620 2469 
620 622 
621 622 
622 624 
622 623 
623 625 
624 626 
624 1939 
624 2324 
625 1098 
625 1939 
625 1675 
626 1050 
626 627 
627 846 
627 1654 
628 2275 
628 1291 
628 630 
628 1688 
629 1929 
629 631 
630 1428 
630 631 
631 1760 
631 633 
631 1242 
632 634 
632 1469 
633 2309 
634 635 
634 636 
635 1559 
635 636 
636 637 
636 638 
637 638 
637 639 
638 1735 
638 849 
638 639 
639 1979 
640 642 
641 2079 
641 642 
641 643 
642 643 
642 1772 
642 2451 
642 1342 
643 644 
643 645 
643 2133 
644 2116 
644 645 
644 1662 
645 1854 
646 1155 
646 648 
646 718 
646 1727 
647 1192 
647 649 
647 1624 
647 2141 
648 1760 
648 758 
648 1814 
648 1686 
648 2329 
649 650 
649 660 
650 652 
650 1512 
651 1091 
651 1773 
651 1139 
652 753 
652 653 
652 654 
654 656 
655 2345 
655 751 
655 657 
655 2078 
655 2494 
655 1277 
656 2084 
656 1270 
656 2135 
657 1157 
657 1771 
657 2321 
657 659 
657 669 
658 1680 
658 2437 
658 1064 
658 2166 
659 1032 
659 2345 
659 725 
660 1504 
661 1910 
661 662 
662 664 
663 665 
663 1928 
664 2180 
664 2119 
664 666 
664 1117 
665 667 
665 2453 
666 667 
666 1524 
667 669 
668 1345 
669 1027 
669 881 
669 2142 
669 670 
670 672 
670 676 
670 2167 
671 672 
671 945 
672 674 
672 2166 
672 1757 
673 1842 
673 1622 
673 842 
673 2466 
674 1075 
674 675 
674 2389 
675 676 
675 677 
675 2458 
676 1244 
677 1665 
677 678 
678 1506 
678 680 
678 1292 
678 2222 
678 1172 
679 1016 
679 1026 
680 682 
680 855 
680 1815 
680 1113 
681 774 
681 1974 
681 1919 
682 684 
682 2445 
683 2386 
683 2067 
683 684 
684 1538 
684 811 
684 686 
684 1436 
685 2050 
685 1255 
685 686 
685 687 
686 688 
686 2207 
686 1407 
687 1355 
687 2035 
688 1377 
688 690 
688 1453 
689 2329 
689 2361 
690 691 
690 812 
690 2029 
691 850 
691 693 
691 809 
692 1009 
692 1074 
692 693 
692 694 
693 975 
693 2205 
693 694 
693 824 
693 1853 
694 696 
694 794 
695 696 
695 1726 
695 1087 
696 1863 
696 1288 
696 2415 
696 1137 
696 697 
697 1228 
697 699 
697 700 
698 2112 
698 1210 
698 699 
698 1565 
699 700 
699 701 
700 1115 
700 1646 
700 1331 
700 762 
701 1150 
701 702 
701 703 
702 704 
702 703 
703 704 
703 705 
703 1099 
704 1059 
704 1282 
704 821 
705 2189 
705 2245 
705 707 
705 781 
706 707 
706 1253 
706 2248 
706 1195 
706 1180 
707 708 
707 709 
708 2467 
708 1910 
708 813 
709 2113 
709 710 
710 712 
710 2258 
710 711 
711 2306 
711 1930 
711 2381 
711 1427 
711 1430 
712 713 
712 714 
713 714 
713 715 
713 1905 
713 1172 
714 1344 
714 715 
714 716 
715 1194 
715 1278 
716 1601 
716 718 
716 2493 
717 718 
717 1335 
718 720 
719 720 
719 721 
720 721 
720 722 
721 722 
722 2488 
722 724 
723 725 
723 1751 
724 1330 
724 725 
724 2325 
725 1440 
725 875 
725 1643 
725 1015 
726 1831 
726 1416 
726 727 
726 728 
727 728 
727 729 
728 2257 
728 1367 
729 730 
729 2438 
730 1152 
730 1795 
730 732 
731 912 
731 733 
732 1177 
732 733 
733 2302 
733 735 
734 736 
734 1985 
734 735 
735 736 
735 737 
735 1232 
736 737 
736 738 
736 1298 
737 2114 
737 1892 
738 740 
739 1600 
739 2112 
739 740 
739 2255 
739 1628 
740 2149 
740 742 
741 1536 
741 1278 
741 2015 
742 743 
743 744 
743 1739 
743 2289 
744 745 
744 1944 
745 746 
745 747 
745 2160 
745 1514 
746 782 
746 2132 
746 1877 
747 748 
747 749 
748 749 
748 1855 
749 750 
749 1142 
749 766 
750 2215 
750 751 
750 1758 
751 900 
751 753 
752 753 
752 2074 
753 755 
754 2138 
755 756 
755 757 
755 983 
756 1444 
757 1222 
757 758 
757 759 
758 2375 
759 1971 
759 761 
759 2367 
760 761 
760 762 
760 2317 
761 2247 
761 1240 
761 763 
762 2337 
763 764 
763 1662 
764 765 
764 766 
765 767 
766 768 
766 1922 
767 2407 
767 2217 
767 1051 
767 926 
768 769 
768 770 
769 2080 
770 927 
771 773 
771 2241 
771 1179 
772 1034 
772 773 
773 926 
774 776 
774 860 
775 776 
775 777 
776 777 
776 778 
777 2464 
777 779 
778 1306 
778 780 
779 1899 
779 780 
779 1582 
779 846 
779 1751 
780 1640 
780 781 
780 782 
781 1859 
781 2125 
781 783 
782 1164 
782 783 
782 2107 
783 1697 
784 786 
784 1883 
785 2410 
785 787 
785 2030 
786 1273 
786 787 
787 1606 
787 1097 
787 789 
788 1747 
788 789 
788 790 
789 790 
789 791 
790 792 
790 1531 
791 792 
791 2492 
792 793 
792 1054 
793 795 
794 2057 
794 2398 
795 796 
795 797 
796 1513 
796 2233 
797 798 
798 800 
798 799 
799 2408 
799 801 
799 2483 
800 850 
800 803 
800 1750 
801 840 
801 1303 
801 803 
801 2182 
802 897 
802 803 
802 804 
803 804 
803 1934 
803 1658 
804 1427 
804 2455 
805 806 
805 807 
806 2152 
806 1285 
807 1410 
807 1997 
808 809 
808 810 
809 811 
809 940 
809 1822 
810 811 
811 812 
811 968 
811 2230 
811 2154 
812 813 
813 814 
814 1835 
814 815 
815 816 
815 817 
815 1725 
816 1923 
816 818 
816 2266 
817 819 
818 1385 
818 820 
818 1561 
819 821 
819 1095 
820 821 
820 822 
821 1397 
821 823 
822 2243 
823 825 
824 826 
825 826 
826 2309 
826 828 
827 1895 
827 967 
827 828 
828 829 
828 1661 
829 1792 
829 2220 
829 1487 
830 832 
830 1767 
830 831 
831 832 
831 833 
831 1341 
832 1958 
832 2440 
833 835 
833 1909 
833 2070 
833 1853 
834 1819 
834 835 
834 836 
835 1280 
835 2305 
835 1218 
835 1023 
836 838 
837 838 
838 839 
839 840 
839 841 
839 957 
840 1563 
840 841 
840 2078 
841 842 
841 843 
842 843 
842 844 
842 1769 
843 1741 
843 845 
843 1250 
844 924 
844 845 
844 854 
845 2339 
845 846 
846 961 
846 848 
847 1968 
847 848 
847 849 
847 1791 
848 1351 
848 1503 
849 1938 
849 850 
849 851 
850 852 
851 1579 
851 1554 
852 1317 
852 854 
852 2494 
853 854 
853 855 
854 1639 
854 855 
854 856 
855 2144 
856 857 
856 858 
857 858 
857 859 
857 2462 
858 859 
859 1419 
859 860 
860 2081 
860 2090 
861 1528 
861 1165 
862 1164 
862 2033 
862 1394 
862 863 
863 864 
863 1938 
864 2340 
864 1814 
864 1995 
865 867 
866 1500 
866 868 
867 1666 
867 868 
867 2422 
868 870 
868 1871 
868 1744 
869 1828 
869 1555 
870 872 
870 871 
871 873 
871 1685 
872 1940 
872 1436 
873 1861 
873 1917 
874 875 
874 876 
875 1088 
875 1444 
876 1885 
877 1458 
877 2486 
877 879 
878 880 
878 1779 
878 879 
879 880 
880 882 
880 1155 
881 1801 
881 1949 
881 882 
881 1471 
882 883 
882 884 
883 2434 
883 1613 
884 1393 
884 1400 
884 1851 
885 1825 
885 1321 
885 886 
885 1562 
886 2219 
886 1523 
886 888 
887 889 
887 961 
888 890 
888 1158 
889 2026 
889 891 
890 1596 
891 2067 
891 892 
892 893 
892 894 
893 1508 
893 1968 
893 1501 
894 903 
894 895 
895 896 
895 2398 
896 897 
896 898 
897 898 
898 1635 
898 1729 
899 2005 
899 2470 
900 902 
900 1625 
901 902 
901 903 
902 903 
903 1418 
903 958 
904 905 
904 2071 
905 968 
906 907 
906 908 
907 1584 
907 908 
907 1509 
908 1861 
908 910 
908 2461 
909 910 
910 2447 
910 912 
910 2298 
911 912 
911 2295 
912 1488 
912 2132 
913 2129 
913 914 
913 1151 
913 2281 
914 2379 
914 1941 
915 916 
915 917 
916 917 
916 2053 
917 1024 
917 1048 
918 2218 
918 1380 
918 919 
919 920 
919 1637 
920 1541 
920 1670 
920 1011 
921 1536 
921 922 
921 923 
922 923 
922 1443 
923 1447 
923 925 
923 1822 
924 1717 
925 2305 
925 1702 
925 1328 
925 926 
925 927 
927 929 
928 2128 
928 1248 
929 930 
929 931 
929 2275 
929 990 
930 932 
931 932 
931 2433 
931 2095 
931 1596 
932 933 
932 934 
933 1835 
933 935 
934 935 
934 2314 
934 979 
935 936 
935 1114 
935 1565 
936 1627 
936 2294 
937 1825 
937 939 
937 1456 
937 1082 
938 1442 
938 2246 
938 940 
939 1306 
939 940 
940 2336 
940 942 
941 2013 
941 942 
942 2448 
942 2377 
943 944 
943 945 
943 1689 
943 1562 
944 946 
944 1564 
945 946 
945 947 
946 2173 
947 2476 
948 949 
948 950 
949 2471 
949 2445 
949 1810 
949 950 
950 2159 
950 951 
950 1663 
951 1656 
951 953 
952 953 
952 1234 
952 2446 
954 955 
954 956 
955 956 
955 957 
956 1935 
956 1010 
956 957 
956 958 
957 958 
958 960 
958 1308 
959 961 
959 1796 
959 1684 
961 963 
961 1096 
962 2483 
962 964 
963 1092 
963 1174 
963 1399 
963 2397 
964 1029 
964 966 
965 966 
966 967 
966 968 
966 1876 
966 1118 
967 1966 
967 1946 
968 970 
969 971 
970 2115 
970 971 
970 972 
971 1841 
971 1937 
971 1812 
971 1145 
971 2122 
972 974 
973 2255 
973 974 
973 975 
974 976 
974 975 
975 977 
976 1891 
977 2080 
977 978 
978 2123 
978 2233 
979 1388 
979 1421 
980 2088 
980 2314 
981 1709 
981 982 
981 2381 
982 1825 
982 983 
983 1919 
984 986 
984 1134 
984 2046 
985 1304 
985 986 
985 1821 
986 988 
986 2485 
987 2476 
987 989 
988 989 
989 991 
990 992 
990 2300 
991 992 
991 2471 
992 993 
992 1707 
992 1155 
993 2098 
993 995 
994 996 
994 1845 
995 2018 
995 996 
996 1309 
997 1718 
997 998 
997 1113 
998 999 
998 2153 
998 1659 
999 1827 
999 1997 
1000 1986 
1000 2346 
1000 2224 
1000 1490 
1001 2128 
1001 1002 
1002 1970 
1002 1004 
1003 2156 
1003 1005 
1004 1006 
1005 2414 
1005 1006 
1007 1008 
1007 1009 
1008 1010 
1008 2018 
1009 1260 
1009 2317 
1010 1012 
1011 1012 
1012 2081 
1012 1014 
1013 1672 
1013 2164 
1014 1016 
1014 2006 
1014 1015 
1015 1016 
1015 1017 
1016 2082 
1016 1552 
1016 1017 
1017 1896 
1018 1777 
1018 2294 
1019 2218 
1019 1774 
1020 1866 
1020 1999 
1020 1055 
1021 1022 
1021 1023 
1022 2016 
1022 1067 
1022 1023 
1023 1025 
1023 2290 
1024 1025 
1024 1823 
1025 1099 
1025 2418 
1026 1028 
1026 2118 
1027 2348 
1027 1919 
1028 1029 
1028 1501 
1029 1254 
1029 1031 
1029 1615 
1030 2081 
1031 1032 
1031 1370 
1031 1151 
1032 1761 
1032 1033 
1033 1091 
1033 1034 
1033 1035 
1033 1885 
1034 1035 
1034 2193 
1034 1398 
1035 1036 
1035 1037 
1036 1322 
1036 1037 
1036 1038 
1036 2384 
1037 1088 
1037 2223 
1037 2479 
1038 1309 
1038 2189 
1039 2213 
1039 2159 
1039 1041 
1040 1042 
1041 1042 
1041 1043 
1042 1043 
1042 1044 
1043 1045 
1044 2306 
1045 1046 
1045 1047 
1046 1048 
1046 1047 
1047 1048 
1047 1049 
1048 2230 
1048 1049 
1048 1050 
1050 2442 
1050 1528 
1050 1436 
1051 1668 
1051 1052 
1051 1053 
1052 2252 
1052 2065 
1052 1053 
1053 1361 
1053 1054 
1053 1055 
1054 1056 
1054 2407 
1054 1832 
1055 1315 
1055 2108 
1056 1057 
1056 2284 
1056 2041 
1057 1058 
1057 1059 
1058 1059 
1058 1060 
1058 1363 
1058 1079 
1059 1060 
1059 1061 
1060 1061 
1060 1159 
1060 2429 
1061 1203 
1061 1493 
1062 2177 
1062 1063 
1062 1064 
1062 1418 
1063 1064 
1063 1065 
1063 1469 
1064 1065 
1064 1066 
1065 1066 
1065 2150 
1066 2313 
1067 1934 
1067 1338 
1068 1069 
1069 1225 
1069 1190 
1069 1537 
1070 1990 
1071 1072 
1071 1345 
1071 1660 
1072 1857 
1072 1125 
1073 2032 
1073 1074 
1074 1075 
1075 2480 
1076 1643 
1076 2205 
1077 1909 
1077 1079 
1078 1257 
1078 1973 
1078 1080 
1079 1335 
1079 1080 
1080 1082 
1080 1819 
1081 2336 
1081 1083 
1082 1800 
1082 1277 
1082 1950 
1083 1084 
1083 1085 
1084 2425 
1084 1085 
1084 1086 
1085 1086 
1085 1087 
1086 1836 
1086 1620 
1086 2135 
1086 1087 
1087 1088 
1087 1089 
1088 1090 
1089 1090 
1089 1091 
1090 1091 
1090 1612 
1090 2157 
1090 1905 
1090 1204 
1090 2297 
1091 1166 
1092 2216 
1093 2005 
1093 1094 
1094 2311 
1094 1096 
1094 1095 
1094 2331 
1095 1097 
1095 1498 
1096 1097 
1096 1098 
1097 1099 
1097 2124 
1097 1714 
1097 1366 
1098 1154 
1098 1099 
1098 1202 
1098 1592 
1099 1101 
1100 1101 
1100 1102 
1101 1102 
1101 1103 
1102 1104 
1102 1103 
1103 1122 
1103 1105 
1104 1392 
1105 1107 
1106 2218 
1106 1108 
1107 1296 
1107 1108 
1107 1109 
1108 1110 
1109 2130 
1109 1110 
1109 1111 
1110 1112 
1110 1111 
1111 1113 
1112 2339 
1112 1781 
1112 1113 
1112 1114 
1113 2423 
1113 1973 
1114 1115 
1115 1116 
1115 1138 
1116 1117 
1116 1118 
1117 1118 
1118 1119 
1119 1120 
1119 1121 
1120 1121 
1120 2331 
1121 1794 
1122 2091 
1123 1491 
1123 2381 
1124 1606 
1124 1126 
1125 1126 
1125 1854 
1126 1128 
1126 2280 
1126 2131 
1127 2108 
1127 1853 
1128 1944 
1128 1130 
1129 1879 
1129 1131 
1130 1132 
1130 1293 
1130 1274 
1131 1133 
1131 1446 
1132 1856 
1132 1133 
1132 1134 
1133 2420 
1133 2121 
1134 2465 
1134 2351 
1134 1908 
1134 1686 
1135 1136 
1135 1137 
1136 1137 
1137 1762 
1137 2286 
1137 2398 
1138 1139 
1138 1454 
1138 2015 
1139 1417 
1139 1141 
1140 1683 
1140 1141 
1141 1460 
1141 1142 
1141 1143 
1142 1144 
1143 2041 
1143 1786 
1144 1146 
1145 1633 
1145 1146 
1146 1147 
1146 1148 
1147 1148 
1148 1149 
1148 2490 
1149 1150 
1149 1151 
1150 1151 
1152 1154 
1153 2472 
1153 2027 
1153 1411 
1154 1994 
1155 1156 
1156 2176 
1156 1174 
1156 2365 
1157 1158 
1158 1160 
1158 1159 
1159 1160 
1160 1161 
1160 1162 
1161 1162 
1161 1163 
1161 2430 
1162 1275 
1162 1164 
1163 2357 
1163 1270 
1164 1947 
1164 1742 
1165 1166 
1165 1167 
1166 1434 
1167 1168 
1168 1169 
1168 1170 
1169 1170 
1169 1171 
1170 1171 
1170 1172 
1171 1173 
1173 1174 
1173 1175 
1174 1175 
1174 1176 
1175 1267 
1175 1176 
1176 1177 
1176 1791 
1177 1352 
1177 1179 
1177 1663 
1178 2419 
1178 1179 
1179 1180 
1179 1181 
1180 1966 
1181 2194 
1181 1182 
1181 1183 
1182 1202 
1182 1183 
1183 1184 
1183 2095 
1183 2322 
1184 1185 
1184 1186 
1185 1186 
1185 1187 
1185 2316 
1185 2371 
1186 1187 
1186 1188 
1187 1188 
1188 1835 
1189 1190 
1189 1191 
1190 2274 
1190 1192 
1191 1192 
1191 1583 
1191 1847 
1192 1194 
1192 1223 
1193 1194 
1193 1195 
1194 1985 
1194 1196 
1195 2049 
1196 1644 
1197 1199 
1198 1200 
1198 2158 
1199 1200 
1199 1201 
1199 1809 
1200 1413 
1200 2087 
1200 2184 
1200 1477 
1201 1899 
1201 1548 
1202 2224 
1202 2221 
1202 2043 
1204 1205 
1204 1206 
1205 1305 
1206 1208 
1207 1208 
1207 2177 
1208 1209 
1208 1699 
1209 2210 
1209 1252 
1209 1708 
1209 1211 
1210 1211 
1211 1212 
1211 1213 
1212 1925 
1212 2044 
1213 1544 
1213 1214 
1214 1216 
1214 1875 
1214 1252 
1215 2176 
1215 1884 
1216 1217 
1216 1218 
1217 1218 
1217 1219 
1218 1219 
1218 1220 
1219 1520 
1219 1221 
1220 1400 
1220 1221 
1220 1222 
1221 1222 
1221 1886 
1222 1224 
1223 1224 
1225 1227 
1226 1228 
1227 2323 
1227 1228 
1228 1922 
1228 2147 
1228 1229 
1229 1571 
1229 1231 
1230 2279 
1230 2071 
1231 1232 
1231 1233 
1231 2071 
1232 1234 
1233 1234 
1233 1235 
1234 1236 
1235 1236 
1235 1237 
1236 1237 
1236 1238 
1237 1238 
1237 1239 
1238 1240 
1239 1241 
1240 1416 
1240 2312 
1241 1898 
1241 1906 
1241 1301 
1241 1243 
1241 2014 
1242 2052 
1243 2273 
1243 1711 
1244 1286 
1244 1245 
1244 1246 
1245 1246 
1245 1263 
1246 1248 
1246 2382 
1247 1248 
1248 1250 
1248 1994 
1249 1250 
1249 1251 
1250 1252 
1250 1458 
1251 1252 
1251 1253 
1252 1253 
1252 2060 
1253 1569 
1253 1255 
1254 1256 
1255 1256 
1255 1322 
1256 2265 
1256 1258 
1257 2196 
1257 1791 
1258 1259 
1259 1261 
1259 2030 
1260 1262 
1261 1263 
1262 1264 
1262 2026 
1262 1263 
1263 1264 
1263 1265 
1263 2042 
1264 1265 
1264 1266 
1265 2235 
1266 1516 
1267 1732 
1267 1268 
1267 1269 
1267 2052 
1268 2417 
1268 2419 
1268 1269 
1268 1270 
1269 1562 
1269 1271 
1270 2320 
1271 1379 
1271 1532 
1272 1777 
1272 2486 
1273 1274 
1274 1651 
1274 1275 
1275 1448 
1275 1277 
1276 1277 
1276 1278 
1276 2013 
1277 1278 
1277 1279 
1278 2237 
1278 1814 
1279 1280 
1279 1281 
1280 1282 
1280 2128 
1280 1687 
1281 1440 
1281 1282 
1281 1283 
1282 1284 
1283 1284 
1283 1285 
1284 1725 
1284 1839 
1285 2228 
1286 1287 
1287 1288 
1288 1744 
1289 1290 
1289 1291 
1290 1578 
1290 1291 
1291 1293 
1292 2253 
1292 2421 
1292 1294 
1293 1294 
1294 1296 
1295 1296 
1295 1297 
1296 1298 
1297 1299 
1297 2203 
1298 1300 
1299 1300 
1299 1301 
1300 1301 
1300 1302 
1300 1493 
1301 1302 
1302 1304 
1302 1303 
1303 1351 
1304 1586 
1304 2308 
1304 1513 
1305 1784 
1305 1512 
1306 1307 
1306 2300 
1307 1308 
1307 1914 
1308 1309 
1308 1310 
1309 1310 
1310 1312 
1310 1518 
1311 1313 
1311 1543 
1312 1313 
1312 1314 
1313 1984 
1313 1314 
1313 1315 
1314 2452 
1314 2173 
1315 1316 
1315 1325 
1316 1317 
1316 1318 
1317 1319 
1318 1643 
1318 1319 
1319 1320 
1319 1321 
1319 2444 
1319 1329 
1319 1662 
1320 2330 
1320 2158 
1321 1323 
1323 1560 
1323 1610 
1323 1324 
1323 1325 
1324 1326 
1324 1585 
1325 1326 
1325 1327 
1326 1825 
1326 2348 
1327 1329 
1327 1923 
1328 1329 
1328 2426 
1329 1330 
1329 1404 
1330 1350 
1330 1331 
1331 1333 
1332 2194 
1332 1334 
1333 1701 
1333 1781 
1333 1334 
1334 1336 
1334 2309 
1334 1335 
1335 1608 
1336 1337 
1336 2453 
1336 1407 
1337 1338 
1337 1836 
1337 1895 
1338 1962 
1338 1719 
1339 1340 
1339 2117 
1340 2234 
1340 1341 
1340 1342 
1341 1343 
1342 1344 
1343 1344 
1343 2118 
1344 1897 
1345 1845 
1346 1347 
1346 1348 
1346 2435 
1347 1348 
1347 1349 
1348 1350 
1348 1349 
1348 1894 
1348 2253 
1349 1373 
1350 1352 
1350 1351 
1350 2195 
1350 1847 
1351 2189 
1351 2484 
1351 2234 
1352 1354 
1353 2055 
1353 1355 
1354 1355 
1354 1356 
1355 1357 
1355 1652 
1355 2185 
1357 1358 
1357 1359 
1358 1360 
1358 1359 
1359 1360 
1359 2369 
1360 2474 
1360 1361 
1360 1362 
1360 2451 
1361 1528 
1362 1364 
1362 2389 
1363 2467 
1364 2450 
1364 1366 
1365 1799 
1365 1366 
1365 1367 
1366 1368 
1367 2300 
1368 2347 
1368 1369 
1369 1371 
1370 1419 
1370 1785 
1370 1691 
1370 1372 
1371 1558 
1371 2233 
1371 1372 
1372 1373 
1372 1374 
1373 2440 
1373 2420 
1373 2489 
1374 2416 
1375 1376 
1375 1564 
1375 2024 
1376 1377 
1376 1378 
1376 1428 
1377 1673 
1377 2162 
1377 2329 
1378 1379 
1378 1380 
1381 1497 
1381 2108 
1381 1382 
1382 1384 
1382 1383 
1383 1384 
1383 1385 
1384 2439 
1384 1386 
1384 1946 
1385 1386 
1385 1387 
1385 1617 
1386 1439 
1386 1388 
1386 2096 
1387 1389 
1388 1839 
1389 1633 
1389 1826 
1389 1513 
1389 1598 
1390 2282 
1390 2028 
1390 1391 
1391 2240 
1391 1393 
1392 1393 
1392 1394 
1393 1395 
1393 1941 
1394 2139 
1394 1396 
1395 1550 
1395 1396 
1396 1789 
1397 1398 
1398 1986 
1398 1399 
1399 1401 
1400 2032 
1400 1905 
1401 1403 
1401 2492 
1402 1403 
1402 1404 
1403 1404 
1403 1405 
1404 1405 
1405 1406 
1405 1407 
1406 2103 
1406 1407 
1407 1523 
1408 1733 
1408 1594 
1408 2237 
1409 1410 
1409 1411 
1410 1411 
1410 1412 
1411 2276 
1411 1413 
1413 1415 
1413 2415 
1414 1491 
1414 1415 
1415 1417 
1415 2449 
1416 1502 
1417 1418 
1418 1420 
1418 1457 
1420 2235 
1420 1421 
1421 1423 
1422 1424 
1422 1423 
1423 1425 
1424 2322 
1424 2493 
1425 1510 
1425 1427 
1426 1427 
1426 1428 
1428 2409 
1428 1429 
1429 1430 
1429 1759 
1430 1432 
1431 1432 
1432 1433 
1433 1435 
1433 1443 
1434 2044 
1434 1435 
1434 1436 
1435 2361 
1435 1437 
1436 2474 
1436 1756 
1436 1437 
1437 1438 
1437 1439 
1438 1926 
1439 1441 
1439 1778 
1440 1442 
1441 1442 
1441 1443 
1442 2122 
1443 1444 
1443 1445 
1444 2273 
1444 1775 
1445 2485 
1445 2152 
1446 1447 
1446 1448 
1446 1809 
1447 2442 
1448 1450 
1449 1450 
1449 1451 
1450 2272 
1451 2388 
1451 1453 
1452 1453 
1452 1454 
1452 1591 
1454 1455 
1455 1826 
1455 1457 
1455 1883 
1456 2206 
1456 1575 
1457 1458 
1458 2146 
1458 1459 
1458 1460 
1459 1704 
1459 1460 
1459 1461 
1460 2276 
1461 1468 
1461 1462 
1462 1464 
1463 1568 
1463 1891 
1463 2289 
1464 1493 
1464 1465 
1464 1466 
1465 1466 
1465 1467 
1466 1756 
1466 1467 
1466 1468 
1467 2441 
1467 2291 
1467 1879 
1467 1915 
1469 2053 
1470 1472 
1470 1471 
1471 2067 
1472 1473 
1472 1474 
1473 1474 
1473 1475 
1474 1476 
1474 1510 
1475 2106 
1475 1477 
1475 2477 
1476 1477 
1476 1478 
1477 1479 
1477 1931 
1478 1480 
1478 1479 
1479 1480 
1479 1481 
1480 1481 
1480 2180 
1481 1482 
1481 1483 
1482 1722 
1482 2123 
1483 1484 
1484 1652 
1484 1486 
1485 1486 
1486 1487 
1488 1632 
1488 1711 
1488 1490 
1489 1490 
1489 2398 
1490 2350 
1490 2204 
1491 1539 
1492 2293 
1492 1493 
1492 1494 
1494 1777 
1494 1495 
1494 2046 
1495 1496 
1495 2132 
1496 2157 
1496 1497 
1496 1498 
1496 1695 
1497 1498 
1497 1499 
1498 2035 
1498 1499 
1499 1500 
1499 2346 
1500 2172 
1501 1896 
1501 2396 
1501 1502 
1502 1503 
1503 1792 
1503 1505 
1503 1699 
1504 1505 
1504 1506 
1505 1539 
1505 2355 
1506 1508 
1507 1508 
1507 1509 
1507 1967 
1507 1784 
1508 2066 
1509 2405 
1509 2224 
1510 1512 
1511 1512 
1511 1513 
1512 1513 
1512 1514 
1512 1692 
1513 1797 
1514 1515 
1515 2280 
1515 1517 
1515 2294 
1516 1518 
1517 1669 
1517 1518 
1518 1520 
1518 1619 
1519 1520 
1520 1521 
1520 1522 
1521 1522 
1521 1523 
1521 1954 
1522 1903 
1522 1523 
1522 1524 
1523 1524 
1523 1525 
1524 1525 
1525 1928 
1525 2408 
1525 1850 
1525 1947 
1526 1528 
1526 1657 
1527 1925 
1527 1528 
1527 1529 
1529 2092 
1529 2260 
1529 1531 
1529 1727 
1530 1531 
1530 1532 
1531 2231 
1531 1533 
1532 1533 
1532 1534 
1533 1534 
1533 1535 
1534 1536 
1534 2156 
1535 1536 
1535 2083 
1535 2499 
1536 1538 
1537 1538 
1538 1979 
1540 2396 
1541 1796 
1541 2002 
1542 1544 
1542 1543 
1543 1544 
1543 1791 
1544 1545 
1544 1579 
1545 1547 
1545 1948 
1546 2480 
1546 1913 
1546 2427 
1547 1548 
1548 1549 
1548 1965 
1548 2431 
1549 2189 
1549 1551 
1550 2416 
1550 1552 
1551 1613 
1552 2457 
1552 1913 
1553 1554 
1553 1555 
1554 1555 
1554 1556 
1554 2324 
1555 1556 
1555 1557 
1556 1557 
1556 1558 
1557 2453 
1557 1638 
1558 1560 
1559 2018 
1559 1560 
1559 1561 
1560 1561 
1561 1562 
1562 1889 
1563 1564 
1564 1968 
1565 1953 
1565 2448 
1566 1568 
1567 1568 
1567 1625 
1569 2424 
1570 1571 
1570 1879 
1571 1875 
1572 1574 
1572 1879 
1573 1575 
1574 1576 
1574 2220 
1574 2331 
1575 1576 
1576 2360 
1576 1577 
1576 1578 
1577 1578 
1577 2321 
1578 1579 
1578 1580 
1579 1580 
1580 2020 
1580 1581 
1581 1582 
1581 2428 
1582 2328 
1582 1583 
1583 1774 
1584 1585 
1585 2345 
1585 1586 
1585 1587 
1586 1587 
1586 2126 
1587 1589 
1587 1692 
1588 2388 
1589 1862 
1589 1590 
1590 1592 
1591 1592 
1592 2048 
1592 1593 
1593 2352 
1593 1595 
1594 1596 
1594 1599 
1595 1746 
1595 1596 
1595 1597 
1596 1731 
1597 1598 
1597 1599 
1598 1823 
1599 1601 
1599 1799 
1600 1602 
1600 1636 
1600 2386 
1601 1602 
1602 2074 
1602 1692 
1603 1657 
1603 1818 
1603 1604 
1603 1605 
1604 1605 
1604 1606 
1605 2036 
1605 1606 
1605 1607 
1606 1608 
1606 1844 
1607 2144 
1607 1678 
1608 1840 
1608 1610 
1608 1808 
1609 1610 
1609 1611 
1610 1920 
1611 1612 
1611 2006 
1612 1639 
1613 1615 
1614 1616 
1614 1933 
1615 1616 
1615 1617 
1616 1617 
1616 1618 
1617 2122 
1618 2186 
1618 1619 
1618 1620 
1619 2268 
1620 1621 
1621 1622 
1621 1623 
1622 1624 
1623 1624 
1623 1625 
1624 2346 
1625 1626 
1626 1627 
1627 1628 
1627 2474 
1628 1629 
1629 1630 
1629 1943 
1630 1632 
1630 2135 
1630 1631 
1631 1632 
1631 1633 
1631 1892 
1631 2143 
1632 1633 
1633 1635 
1633 2168 
1634 1636 
1635 1636 
1635 1637 
1636 1638 
1637 1639 
1638 1824 
1638 1640 
1638 2134 
1638 2201 
1639 1641 
1639 1788 
1640 1641 
1641 1687 
1642 1643 
1644 1645 
1644 1646 
1645 1646 
1645 1647 
1647 1648 
1647 2276 
1648 1649 
1648 2260 
1649 1650 
1649 1651 
1650 2127 
1650 1970 
1651 2151 
1652 1653 
1653 1654 
1654 2354 
1654 1655 
1655 1656 
1655 1657 
1656 1657 
1656 1658 
1657 1658 
1658 1660 
1659 1991 
1659 2493 
1659 1660 
1659 1661 
1660 1662 
1661 1663 
1663 1665 
1664 1665 
1664 2403 
1665 1667 
1666 1667 
1667 1668 
1668 2364 
1669 1670 
1670 1672 
1671 1672 
1671 1673 
1672 1673 
1673 1674 
1674 1675 
1674 1676 
1675 1969 
1675 1676 
1676 1678 
1677 2449 
1677 1678 
1677 1679 
1678 2201 
1679 1680 
1679 1681 
1679 2038 
1680 1891 
1680 1682 
1680 2068 
1681 1928 
1682 1934 
1682 1683 
1683 1685 
1683 1966 
1684 2213 
1684 2206 
1684 1686 
1684 2494 
1685 1686 
1685 1687 
1686 1890 
1686 2494 
1688 1689 
1689 1908 
1689 1942 
1689 1820 
1690 1691 
1690 1692 
1691 1693 
1692 1818 
1693 1694 
1693 1695 
1694 2376 
1694 1705 
1695 1997 
1696 1697 
1697 1698 
1697 1699 
1697 2332 
1698 1699 
1698 1796 
1699 1700 
1700 1942 
1700 1701 
1700 1702 
1701 2107 
1702 2038 
1703 2128 
1703 1705 
1704 1975 
1704 1835 
1705 2029 
1706 2308 
1706 1707 
1706 1708 
1707 1708 
1707 2125 
1708 1800 
1709 1710 
1709 2111 
1710 1712 
1710 1711 
1712 2370 
1713 2360 
1713 1715 
1714 2372 
1714 1847 
1715 2002 
1715 1716 
1716 1717 
1716 1718 
1717 1718 
1718 1719 
1719 2169 
1719 1720 
1719 1721 
1720 1721 
1720 1722 
1721 1904 
1721 1722 
1722 2392 
1722 1723 
1723 2438 
1724 1725 
1724 1726 
1726 2132 
1727 1728 
1727 2352 
1728 1729 
1728 1730 
1729 1730 
1729 1731 
1730 2234 
1730 1731 
1731 1733 
1731 2342 
1732 1734 
1733 1734 
1734 1736 
1734 1878 
1735 1737 
1736 1737 
1736 1738 
1737 1738 
1737 1739 
1738 2145 
1738 1740 
1739 2150 
1739 1740 
1740 1741 
1740 1742 
1741 1955 
1741 2494 
1742 1743 
1742 2390 
1743 2330 
1744 1746 
1745 1746 
1745 1747 
1748 1750 
1749 1751 
1750 1751 
1752 1753 
1752 1754 
1753 1754 
1753 1755 
1754 1755 
1754 1756 
1755 1757 
1755 2014 
1756 1840 
1756 1789 
1757 1758 
1757 1759 
1758 2258 
1759 1760 
1760 1761 
1761 1762 
1762 1764 
1762 2290 
1763 2282 
1763 1764 
1763 1765 
1764 1765 
1764 1766 
1765 1766 
1765 2387 
1766 1768 
1766 1767 
1766 2261 
1767 1769 
1768 1770 
1769 1771 
1770 1772 
1772 1774 
1772 2485 
1773 2149 
1774 1776 
1775 2070 
1776 1777 
1776 1778 
1777 1779 
1778 1779 
1779 1828 
1779 2487 
1780 1781 
1780 1782 
1782 1784 
1783 1784 
1783 1814 
1785 2231 
1786 1787 
1787 1788 
1787 1789 
1788 1790 
1789 1791 
1790 2347 
1790 1791 
1793 1794 
1794 1795 
1794 1796 
1795 1892 
1796 2383 
1797 1798 
1798 2242 
1798 1799 
1798 1800 
1798 2389 
1798 1948 
1802 1803 
1802 1804 
1803 1804 
1803 1805 
1804 1805 
1804 1806 
1805 1806 
1805 1807 
1806 1808 
1806 1807 
1807 2249 
1807 1968 
1807 1809 
1808 1809 
1808 1810 
1810 2290 
1810 1812 
1811 1812 
1811 2366 
1812 1814 
1813 1814 
1813 1815 
1814 1815 
1815 2118 
1816 1817 
1817 2001 
1817 1819 
1819 2140 
1820 2014 
1820 1822 
1820 2327 
1820 2270 
1821 2368 
1821 2108 
1822 1823 
1823 1824 
1823 1825 
1824 1825 
1824 1826 
1826 1827 
1826 1828 
1827 1828 
1827 2124 
1827 2397 
1828 1829 
1829 1830 
1829 1831 
1830 2162 
1830 2205 
1832 1833 
1832 1834 
1832 2031 
1833 2475 
1833 2412 
1833 2416 
1834 1835 
1835 1836 
1836 2019 
1836 1837 
1837 1838 
1837 1839 
1839 2019 
1839 1841 
1840 2285 
1840 2385 
1842 1843 
1842 1844 
1843 2118 
1843 2022 
1844 2451 
1844 1845 
1845 2290 
1845 1946 
1846 2381 
1848 2251 
1849 1850 
1849 1851 
1850 1851 
1852 1993 
1852 1858 
1853 2141 
1854 1856 
1856 1857 
1857 1858 
1857 1859 
1858 1859 
1858 1988 
1859 1860 
1859 1861 
1860 1861 
1860 1862 
1861 2113 
1861 1863 
1862 2043 
1862 1863 
1863 1865 
1864 2464 
1864 1866 
1865 1866 
1865 2359 
1866 1868 
1866 1905 
1867 1868 
1867 1869 
1867 2012 
1867 1885 
1868 1869 
1868 2257 
1868 1870 
1869 1870 
1869 1871 
1870 1872 
1870 1871 
1871 1872 
1871 1873 
1872 2215 
1872 2034 
1873 1875 
1874 2196 
1874 1875 
1874 1876 
1875 1876 
1875 1877 
1875 2111 
1876 1878 
1878 1880 
1879 1881 
1880 2346 
1880 1881 
1880 1882 
1880 1979 
1881 1882 
1882 1883 
1882 1884 
1883 2349 
1883 1884 
1884 1885 
1884 1886 
1886 2378 
1887 1888 
1887 1889 
1888 1889 
1888 1890 
1890 1891 
1891 1892 
1891 1893 
1892 1894 
1893 2176 
1893 1895 
1894 1895 
1897 2214 
1897 1898 
1897 2292 
1898 1900 
1899 1900 
1900 1901 
1900 1902 
1901 1902 
1901 1903 
1902 1904 
1902 1903 
1903 1904 
1904 1905 
1904 1906 
1905 1995 
1906 1907 
1906 1908 
1907 2211 
1907 1909 
1910 1912 
1911 1912 
1911 1956 
1911 2486 
1912 1914 
1912 2434 
1913 1915 
1913 2239 
1914 2159 
1915 1916 
1916 1917 
1916 1918 
1917 1918 
1917 2087 
1918 1920 
1918 1919 
1919 2150 
1920 1921 
1921 1922 
1922 1924 
1922 2002 
1923 1924 
1923 1925 
1924 1925 
1924 1926 
1925 1927 
1926 1928 
1927 1928 
1927 1929 
1928 2232 
1929 1931 
1930 1931 
1930 1932 
1931 1932 
1931 1933 
1932 2225 
1932 1933 
1932 1934 
1933 1935 
1934 2318 
1935 1937 
1936 1937 
1936 2490 
1936 2222 
1937 1938 
1938 1958 
1938 1940 
1939 1940 
1940 1942 
1941 2406 
1941 1942 
1941 1943 
1943 1944 
1944 2417 
1944 1946 
1945 1946 
1945 1947 
1948 1950 
1949 1950 
1951 1952 
1951 1953 
1952 1953 
1952 1954 
1952 2063 
1955 1957 
1955 2167 
1956 1958 
1957 1958 
1957 2096 
1958 1959 
1959 1960 
1959 2316 
1960 1961 
1961 1962 
1961 1963 
1962 2345 
1963 1964 
1963 1965 
1964 2154 
1964 1965 
1964 2361 
1965 1967 
1966 2156 
1967 2477 
1967 1968 
1969 1970 
1969 1971 
1971 1972 
1972 2091 
1974 1976 
1974 1975 
1975 1977 
1976 1977 
1977 1978 
1977 2383 
1978 2187 
1978 1980 
1979 1980 
1980 2423 
1980 1981 
1981 2051 
1981 1982 
1981 1983 
1982 1984 
1982 2091 
1983 1984 
1983 2112 
1984 1986 
1985 2184 
1987 1988 
1987 1989 
1988 1990 
1988 2342 
1989 2060 
1992 1993 
1992 1994 
1993 2289 
1994 1995 
1994 1996 
1996 2123 
1996 1997 
1996 1998 
1997 1998 
1997 1999 
1997 2132 
1998 2000 
1998 1999 
1999 2212 
1999 2474 
2000 2001 
2000 2002 
2001 2002 
2002 2004 
2002 2393 
2003 2004 
2003 2005 
2004 2005 
2004 2006 
2004 2061 
2005 2006 
2005 2007 
2006 2298 
2007 2008 
2007 2009 
2007 2217 
2008 2009 
2008 2010 
2009 2010 
2009 2011 
2010 2011 
2010 2012 
2011 2012 
2011 2226 
2016 2127 
2016 2394 
2017 2018 
2017 2019 
2017 2222 
2018 2370 
2018 2019 
2020 2021 
2020 2022 
2021 2022 
2022 2216 
2022 2023 
2023 2024 
2024 2372 
2024 2025 
2024 2092 
2025 2026 
2025 2027 
2026 2028 
2027 2029 
2028 2029 
2029 2030 
2029 2031 
2030 2031 
2031 2032 
2032 2034 
2033 2034 
2033 2035 
2034 2036 
2035 2261 
2035 2499 
2035 2133 
2036 2037 
2037 2038 
2037 2039 
2038 2040 
2039 2315 
2039 2040 
2040 2464 
2040 2041 
2040 2042 
2041 2042 
2042 2043 
2043 2044 
2044 2045 
2045 2046 
2045 2047 
2046 2047 
2047 2048 
2047 2049 
2048 2049 
2049 2245 
2051 2052 
2052 2053 
2053 2054 
2054 2056 
2054 2055 
2055 2056 
2055 2128 
2055 2165 
2057 2058 
2057 2059 
2058 2059 
2058 2060 
2059 2060 
2059 2061 
2060 2062 
2060 2491 
2061 2136 
2062 2063 
2063 2065 
2064 2405 
2064 2247 
2065 2067 
2066 2409 
2066 2067 
2066 2076 
2067 2068 
2067 2069 
2068 2148 
2068 2069 
2069 2070 
2069 2071 
2070 2304 
2070 2071 
2071 2154 
2072 2073 
2072 2074 
2073 2099 
2074 2075 
2075 2208 
2075 2077 
2076 2078 
2077 2078 
2077 2079 
2078 2080 
2078 2383 
2080 2081 
2080 2082 
2082 2124 
2083 2084 
2085 2086 
2085 2087 
2086 2087 
2087 2088 
2088 2089 
2089 2091 
2091 2092 
2091 2093 
2093 2094 
2094 2096 
2094 2095 
2096 2098 
2097 2468 
2097 2162 
2097 2099 
2098 2099 
2098 2100 
2100 2101 
2101 2102 
2101 2103 
2102 2104 
2102 2103 
2103 2104 
2103 2480 
2104 2186 
2104 2105 
2104 2106 
2105 2265 
2106 2108 
2107 2109 
2108 2208 
2109 2110 
2109 2111 
2110 2111 
2113 2460 
2114 2115 
2114 2116 
2115 2116 
2116 2118 
2116 2323 
2117 2118 
2117 2119 
2117 2413 
2118 2382 
2119 2120 
2119 2121 
2120 2122 
2121 2469 
2121 2123 
2122 2123 
2126 2128 
2127 2128 
2129 2131 
2130 2132 
2134 2136 
2136 2167 
2136 2137 
2136 2281 
2137 2138 
2137 2139 
2138 2203 
2138 2140 
2138 2139 
2138 2236 
2140 2265 
2140 2314 
2142 2144 
2143 2145 
2144 2146 
2145 2146 
2146 2276 
2148 2149 
2150 2151 
2151 2153 
2152 2154 
2153 2178 
2154 2155 
2155 2156 
2155 2157 
2158 2159 
2158 2160 
2159 2160 
2160 2161 
2161 2163 
2162 2163 
2163 2164 
2164 2166 
2165 2166 
2165 2167 
2167 2169 
2168 2170 
2169 2170 
2170 2171 
2171 2172 
2171 2173 
2172 2173 
2172 2174 
2173 2174 
2174 2175 
2175 2177 
2178 2179 
2178 2180 
2179 2181 
2180 2181 
2181 2228 
2181 2183 
2182 2183 
2183 2184 
2183 2185 
2184 2452 
2185 2186 
2185 2187 
2187 2411 
2187 2189 
2187 2478 
2188 2223 
2190 2192 
2190 2191 
2191 2192 
2191 2193 
2191 2206 
2192 2193 
2192 2194 
2193 2369 
2193 2352 
2193 2194 
2194 2195 
2195 2197 
2196 2341 
2197 2198 
2197 2199 
2198 2200 
2198 2338 
2199 2200 
2199 2467 
2200 2202 
2201 2483 
2202 2303 
2203 2205 
2204 2391 
2204 2495 
2205 2206 
2207 2208 
2208 2210 
2208 2312 
2209 2210 
2209 2211 
2210 2212 
2211 2314 
2211 2212 
2211 2213 
2212 2214 
2213 2215 
2214 2451 
2215 2216 
2215 2217 
2216 2217 
2216 2218 
2217 2218 
2219 2221 
2220 2221 
2221 2442 
2221 2223 
2223 2224 
2223 2225 
2224 2469 
2225 2227 
2226 2227 
2227 2228 
2227 2229 
2227 2332 
2228 2497 
2228 2230 
2228 2431 
2229 2230 
2229 2231 
2231 2433 
2231 2232 
2231 2302 
2232 2233 
2232 2234 
2234 2418 
2234 2235 
2235 2236 
2235 2237 
2236 2238 
2238 2239 
2239 2262 
2239 2424 
2240 2242 
2241 2243 
2242 2243 
2243 2244 
2243 2245 
2244 2245 
2244 2246 
2246 2248 
2246 2247 
2247 2248 
2248 2249 
2249 2250 
2249 2251 
2250 2251 
2250 2252 
2251 2252 
2251 2253 
2252 2253 
2252 2254 
2254 2256 
2254 2255 
2255 2359 
2256 2258 
2257 2259 
2259 2260 
2259 2261 
2260 2262 
2261 2263 
2262 2263 
2263 2264 
2263 2265 
2263 2379 
2264 2265 
2264 2266 
2265 2267 
2266 2267 
2267 2268 
2267 2269 
2268 2269 
2268 2270 
2269 2270 
2269 2271 
2270 2272 
2271 2272 
2271 2273 
2272 2273 
2272 2274 
2273 2274 
2274 2276 
2276 2277 
2277 2279 
2278 2388 
2278 2279 
2279 2280 
2282 2283 
2283 2285 
2284 2286 
2285 2286 
2286 2288 
2287 2318 
2287 2288 
2288 2289 
2288 2290 
2289 2290 
2289 2291 
2289 2356 
2291 2292 
2292 2293 
2293 2294 
2294 2295 
2294 2296 
2295 2296 
2295 2297 
2295 2429 
2296 2298 
2297 2299 
2298 2300 
2299 2339 
2299 2300 
2301 2302 
2301 2303 
2302 2304 
2304 2306 
2305 2307 
2306 2307 
2307 2308 
2308 2309 
2310 2312 
2310 2311 
2313 2315 
2314 2316 
2315 2317 
2317 2319 
2318 2320 
2319 2321 
2320 2321 
2320 2322 
2320 2484 
2321 2322 
2322 2323 
2323 2324 
2323 2325 
2325 2327 
2326 2328 
2326 2327 
2327 2328 
2327 2329 
2328 2330 
2330 2331 
2333 2334 
2334 2336 
2334 2335 
2335 2336 
2336 2337 
2337 2338 
2338 2339 
2338 2340 
2339 2341 
2340 2382 
2340 2342 
2341 2343 
2342 2344 
2343 2356 
2344 2345 
2344 2346 
2347 2348 
2349 2351 
2350 2352 
2351 2352 
2353 2354 
2353 2355 
2354 2356 
2356 2357 
2357 2359 
2357 2458 
2357 2459 
2358 2360 
2359 2361 
2360 2361 
2362 2365 
2363 2364 
2363 2365 
2364 2365 
2364 2366 
2365 2367 
2366 2368 
2367 2369 
2368 2370 
2369 2371 
2370 2371 
2371 2373 
2372 2373 
2373 2422 
2373 2374 
2374 2375 
2375 2376 
2375 2377 
2376 2377 
2376 2378 
2377 2378 
2378 2379 
2379 2380 
2380 2381 
2380 2382 
2382 2384 
2384 2386 
2385 2387 
2387 2388 
2388 2389 
2390 2473 
2391 2393 
2392 2393 
2392 2394 
2393 2458 
2393 2395 
2394 2395 
2394 2396 
2395 2396 
2395 2397 
2396 2397 
2396 2398 
2397 2399 
2398 2400 
2399 2400 
2399 2401 
2400 2402 
2401 2402 
2401 2403 
2402 2403 
2402 2404 
2403 2404 
2404 2405 
2405 2407 
2410 2498 
2410 2411 
2411 2412 
2411 2413 
2413 2414 
2414 2415 
2417 2418 
2420 2421 
2420 2422 
2421 2422 
2421 2423 
2422 2423 
2422 2424 
2423 2495 
2424 2425 
2426 2427 
2427 2428 
2429 2430 
2430 2431 
2432 2433 
2432 2434 
2433 2434 
2433 2435 
2434 2436 
2435 2437 
2436 2437 
2436 2438 
2437 2439 
2439 2441 
2440 2441 
2441 2443 
2442 2444 
2443 2444 
2444 2446 
2446 2447 
2446 2448 
2447 2449 
2449 2450 
2450 2451 
2451 2453 
2452 2453 
2452 2454 
2453 2455 
2455 2456 
2455 2457 
2456 2457 
2456 2458 
2459 2461 
2460 2461 
2461 2463 
2462 2463 
2463 2465 
2464 2465 
2465 2466 
2465 2467 
2467 2469 
2467 2468 
2468 2470 
2469 2471 
2470 2471 
2471 2472 
2472 2473 
2475 2476 
2475 2477 
2476 2478 
2477 2478 
2478 2479 
2480 2482 
2481 2482 
2481 2483 
2482 2483 
2482 2484 
2483 2485 
2486 2488 
2487 2488 
2488 2489 
2488 2490 
2489 2490 
2490 2491 
2491 2493 
2492 2494 
2495 2496 
2495 2497 
2496 2497 
2496 2498 
2497 2498 
2497 2499 
2498 2499 
